# UV-Vis reference spectrum — [Ni(H2O)6]2+ (Ni2+, d8, green)
# Reconstructed absorption envelope from literature band maxima (sum of Gaussians).
# Sources: Chemistry LibreTexts; Doc Brown's chemistry notes; Lever, Inorganic Electronic Spectroscopy (1984).
# Reference parameters: Dq=850 cm^-1  B=890 cm^-1  beta=0.855 (weakly covalent)
# Observed band maxima (cm^-1): 8503, 13793, 25316
# Assignments (low->high energy): 3A2g->3T2g; 3A2g->3T1g(F); 3A2g->3T1g(P)
# columns: wavenumber_cm-1	wavelength_nm	absorbance_au
4000.000000	2500.000000	0.015306
4019.346231	2487.966805	0.015722
4038.692462	2476.048893	0.016148
4058.038692	2464.244616	0.016583
4077.384923	2452.552356	0.017028
4096.731154	2440.970526	0.017483
4116.077385	2429.497569	0.017948
4135.423616	2418.131957	0.018423
4154.769847	2406.872190	0.018909
4174.116077	2395.716797	0.019406
4193.462308	2384.664333	0.019913
4212.808539	2373.713381	0.020430
4232.154770	2362.862547	0.020959
4251.501001	2352.110466	0.021500
4270.847231	2341.455795	0.022051
4290.193462	2330.897217	0.022614
4309.539693	2320.433437	0.023189
4328.885924	2310.063184	0.023776
4348.232155	2299.785210	0.024375
4367.578386	2289.598289	0.024985
4386.924616	2279.501217	0.025609
4406.270847	2269.492808	0.026244
4425.617078	2259.571902	0.026893
4444.963309	2249.737356	0.027554
4464.309540	2239.988045	0.028228
4483.655771	2230.322869	0.028916
4503.002001	2220.740741	0.029617
4522.348232	2211.240596	0.030331
4541.694463	2201.821387	0.031059
4561.040694	2192.482083	0.031800
4580.386925	2183.221672	0.032556
4599.733155	2174.039159	0.033326
4619.079386	2164.933564	0.034110
4638.425617	2155.903926	0.034908
4657.771848	2146.949298	0.035721
4677.118079	2138.068749	0.036549
4696.464310	2129.261364	0.037391
4715.810540	2120.526241	0.038249
4735.156771	2111.862496	0.039121
4754.503002	2103.269258	0.040009
4773.849233	2094.745668	0.040913
4793.195464	2086.290884	0.041832
4812.541694	2077.904075	0.042766
4831.887925	2069.584426	0.043717
4851.234156	2061.331133	0.044683
4870.580387	2053.143405	0.045666
4889.926618	2045.020464	0.046665
4909.272849	2036.961544	0.047680
4928.619079	2028.965891	0.048712
4947.965310	2021.032763	0.049760
4967.311541	2013.161429	0.050825
4986.657772	2005.351171	0.051906
5006.004003	1997.601279	0.053005
5025.350233	1989.911058	0.054120
5044.696464	1982.279820	0.055253
5064.042695	1974.706890	0.056403
5083.388926	1967.191601	0.057570
5102.735157	1959.733298	0.058754
5122.081388	1952.331336	0.059956
5141.427618	1944.985079	0.061176
5160.773849	1937.693899	0.062413
5180.120080	1930.457180	0.063667
5199.466311	1923.274314	0.064940
5218.812542	1916.144702	0.066230
5238.158773	1909.067753	0.067538
5257.505003	1902.042888	0.068864
5276.851234	1895.069532	0.070208
5296.197465	1888.147122	0.071570
5315.543696	1881.275100	0.072950
5334.889927	1874.452920	0.074348
5354.236157	1867.680040	0.075764
5373.582388	1860.955928	0.077198
5392.928619	1854.280059	0.078650
5412.274850	1847.651917	0.080120
5431.621081	1841.070990	0.081608
5450.967312	1834.536776	0.083114
5470.313542	1828.048780	0.084638
5489.659773	1821.606514	0.086181
5509.006004	1815.209494	0.087741
5528.352235	1808.857246	0.089319
5547.698466	1802.549303	0.090915
5567.044696	1796.285201	0.092529
5586.390927	1790.064485	0.094161
5605.737158	1783.886707	0.095810
5625.083389	1777.751423	0.097477
5644.429620	1771.658196	0.099162
5663.775851	1765.606596	0.100864
5683.122081	1759.596197	0.102584
5702.468312	1753.626579	0.104320
5721.814543	1747.697330	0.106074
5741.160774	1741.808041	0.107845
5760.507005	1735.958309	0.109633
5779.853235	1730.147738	0.111438
5799.199466	1724.375935	0.113260
5818.545697	1718.642513	0.115097
5837.891928	1712.947092	0.116952
5857.238159	1707.289294	0.118822
5876.584390	1701.668748	0.120709
5895.930620	1696.085087	0.122611
5915.276851	1690.537950	0.124529
5934.623082	1685.026978	0.126462
5953.969313	1679.551821	0.128411
5973.315544	1674.112129	0.130374
5992.661775	1668.707559	0.132353
6012.008005	1663.337772	0.134346
6031.354236	1658.002433	0.136353
6050.700467	1652.701213	0.138374
6070.046698	1647.433784	0.140409
6089.392929	1642.199825	0.142458
6108.739159	1636.999017	0.144519
6128.085390	1631.831047	0.146594
6147.431621	1626.695605	0.148682
6166.777852	1621.592384	0.150781
6186.124083	1616.521083	0.152893
6205.470314	1611.481402	0.155017
6224.816544	1606.473047	0.157152
6244.162775	1601.495726	0.159298
6263.509006	1596.549153	0.161455
6282.855237	1591.633043	0.163622
6302.201468	1586.747115	0.165800
6321.547698	1581.891093	0.167987
6340.893929	1577.064703	0.170183
6360.240160	1572.267674	0.172388
6379.586391	1567.499739	0.174602
6398.932622	1562.760634	0.176824
6418.278853	1558.050099	0.179053
6437.625083	1553.367876	0.181290
6456.971314	1548.713710	0.183533
6476.317545	1544.087351	0.185784
6495.663776	1539.488549	0.188040
6515.010007	1534.917059	0.190301
6534.356237	1530.372639	0.192568
6553.702468	1525.855049	0.194840
6573.048699	1521.364052	0.197115
6592.394930	1516.899413	0.199395
6611.741161	1512.460902	0.201677
6631.087392	1508.048290	0.203963
6650.433622	1503.661350	0.206250
6669.779853	1499.299860	0.208540
6689.126084	1494.963598	0.210830
6708.472315	1490.652347	0.213122
6727.818546	1486.365890	0.215413
6747.164777	1482.104014	0.217705
6766.511007	1477.866509	0.219996
6785.857238	1473.653166	0.222285
6805.203469	1469.463778	0.224572
6824.549700	1465.298143	0.226858
6843.895931	1461.156058	0.229140
6863.242161	1457.037325	0.231419
6882.588392	1452.941747	0.233694
6901.934623	1448.869128	0.235964
6921.280854	1444.819277	0.238229
6940.627085	1440.792003	0.240488
6959.973316	1436.787118	0.242742
6979.319546	1432.804435	0.244988
6998.665777	1428.843771	0.247227
7018.012008	1424.904943	0.249459
7037.358239	1420.987771	0.251681
7056.704470	1417.092078	0.253895
7076.050700	1413.217686	0.256099
7095.396931	1409.364423	0.258293
7114.743162	1405.532114	0.260476
7134.089393	1401.720591	0.262648
7153.435624	1397.929684	0.264808
7172.781855	1394.159226	0.266956
7192.128085	1390.409053	0.269090
7211.474316	1386.679001	0.271211
7230.820547	1382.968909	0.273318
7250.166778	1379.278616	0.275410
7269.513009	1375.607965	0.277486
7288.859239	1371.956800	0.279547
7308.205470	1368.324966	0.281592
7327.551701	1364.712309	0.283619
7346.897932	1361.118678	0.285629
7366.244163	1357.543923	0.287621
7385.590394	1353.987896	0.289594
7404.936624	1350.450450	0.291548
7424.282855	1346.931440	0.293482
7443.629086	1343.430722	0.295396
7462.975317	1339.948154	0.297289
7482.321548	1336.483595	0.299161
7501.667779	1333.036905	0.301012
7521.014009	1329.607947	0.302840
7540.360240	1326.196585	0.304645
7559.706471	1322.802683	0.306426
7579.052702	1319.426107	0.308184
7598.398933	1316.066725	0.309918
7617.745163	1312.724407	0.311627
7637.091394	1309.399022	0.313310
7656.437625	1306.090442	0.314968
7675.783856	1302.798540	0.316600
7695.130087	1299.523190	0.318205
7714.476318	1296.264268	0.319783
7733.822548	1293.021651	0.321334
7753.168779	1289.795216	0.322856
7772.515010	1286.584843	0.324351
7791.861241	1283.390411	0.325816
7811.207472	1280.211803	0.327253
7830.553702	1277.048901	0.328660
7849.899933	1273.901589	0.330038
7869.246164	1270.769752	0.331385
7888.592395	1267.653277	0.332702
7907.938626	1264.552050	0.333988
7927.284857	1261.465960	0.335243
7946.631087	1258.394896	0.336466
7965.977318	1255.338749	0.337658
7985.323549	1252.297410	0.338817
8004.669780	1249.270773	0.339944
8024.016011	1246.258730	0.341039
8043.362241	1243.261176	0.342101
8062.708472	1240.278008	0.343130
8082.054703	1237.309121	0.344126
8101.400934	1234.354414	0.345088
8120.747165	1231.413785	0.346016
8140.093396	1228.487133	0.346911
8159.439626	1225.574360	0.347772
8178.785857	1222.675367	0.348599
8198.132088	1219.790056	0.349392
8217.478319	1216.918331	0.350150
8236.824550	1214.060096	0.350874
8256.170781	1211.215255	0.351563
8275.517011	1208.383716	0.352218
8294.863242	1205.565385	0.352838
8314.209473	1202.760170	0.353424
8333.555704	1199.967980	0.353975
8352.901935	1197.188723	0.354491
8372.248165	1194.422311	0.354973
8391.594396	1191.668654	0.355420
8410.940627	1188.927665	0.355833
8430.286858	1186.199256	0.356211
8449.633089	1183.483341	0.356554
8468.979320	1180.779835	0.356863
8488.325550	1178.088651	0.357139
8507.671781	1175.409708	0.357380
8527.018012	1172.742920	0.357587
8546.364243	1170.088205	0.357760
8565.710474	1167.445483	0.357900
8585.056704	1164.814671	0.358006
8604.402935	1162.195689	0.358079
8623.749166	1159.588458	0.358119
8643.095397	1156.992899	0.358127
8662.441628	1154.408933	0.358102
8681.787859	1151.836484	0.358045
8701.134089	1149.275473	0.357956
8720.480320	1146.725826	0.357835
8739.826551	1144.187467	0.357683
8759.172782	1141.660320	0.357500
8778.519013	1139.144312	0.357287
8797.865243	1136.639369	0.357044
8817.211474	1134.145419	0.356771
8836.557705	1131.662389	0.356468
8855.903936	1129.190207	0.356137
8875.250167	1126.728803	0.355777
8894.596398	1124.278107	0.355388
8913.942628	1121.838048	0.354973
8933.288859	1119.408558	0.354530
8952.635090	1116.989568	0.354061
8971.981321	1114.581010	0.353565
8991.327552	1112.182816	0.353044
9010.673783	1109.794921	0.352498
9030.020013	1107.417258	0.351928
9049.366244	1105.049760	0.351333
9068.712475	1102.692364	0.350715
9088.058706	1100.345005	0.350075
9107.404937	1098.007618	0.349412
9126.751167	1095.680140	0.348728
9146.097398	1093.362509	0.348023
9165.443629	1091.054662	0.347297
9184.789860	1088.756537	0.346553
9204.136091	1086.468073	0.345789
9223.482322	1084.189209	0.345007
9242.828552	1081.919885	0.344207
9262.174783	1079.660040	0.343390
9281.521014	1077.409617	0.342558
9300.867245	1075.168555	0.341710
9320.213476	1072.936798	0.340847
9339.559706	1070.714286	0.339970
9358.905937	1068.500962	0.339080
9378.252168	1066.296771	0.338177
9397.598399	1064.101654	0.337263
9416.944630	1061.915557	0.336338
9436.290861	1059.738423	0.335403
9455.637091	1057.570199	0.334458
9474.983322	1055.410829	0.333505
9494.329553	1053.260259	0.332544
9513.675784	1051.118435	0.331576
9533.022015	1048.985304	0.330602
9552.368245	1046.860814	0.329623
9571.714476	1044.744912	0.328639
9591.060707	1042.637546	0.327652
9610.406938	1040.538664	0.326661
9629.753169	1038.448216	0.325669
9649.099400	1036.366150	0.324675
9668.445630	1034.292417	0.323681
9687.791861	1032.226966	0.322688
9707.138092	1030.169748	0.321696
9726.484323	1028.120713	0.320706
9745.830554	1026.079814	0.319719
9765.176785	1024.047001	0.318736
9784.523015	1022.022227	0.317758
9803.869246	1020.005444	0.316785
9823.215477	1017.996604	0.315819
9842.561708	1015.995662	0.314860
9861.907939	1014.002571	0.313909
9881.254169	1012.017283	0.312967
9900.600400	1010.039755	0.312035
9919.946631	1008.069939	0.311114
9939.292862	1006.107792	0.310204
9958.639093	1004.153269	0.309306
9977.985324	1002.206325	0.308422
9997.331554	1000.266916	0.307551
10016.677785	998.334998	0.306696
10036.024016	996.410529	0.305856
10055.370247	994.493465	0.305032
10074.716478	992.583764	0.304226
10094.062708	990.681383	0.303437
10113.408939	988.786280	0.302667
10132.755170	986.898413	0.301917
10152.101401	985.017742	0.301188
10171.447632	983.144225	0.300479
10190.793863	981.277821	0.299792
10210.140093	979.418491	0.299128
10229.486324	977.566193	0.298487
10248.832555	975.720888	0.297871
10268.178786	973.882536	0.297279
10287.525017	972.051099	0.296712
10306.871247	970.226537	0.296172
10326.217478	968.408812	0.295659
10345.563709	966.597885	0.295173
10364.909940	964.793718	0.294715
10384.256171	962.996274	0.294287
10403.602402	961.205515	0.293888
10422.948632	959.421403	0.293518
10442.294863	957.643902	0.293180
10461.641094	955.872975	0.292873
10480.987325	954.108586	0.292598
10500.333556	952.350699	0.292355
10519.679787	950.599277	0.292146
10539.026017	948.854285	0.291970
10558.372248	947.115688	0.291828
10577.718479	945.383451	0.291720
10597.064710	943.657539	0.291648
10616.410941	941.937916	0.291611
10635.757171	940.224550	0.291610
10655.103402	938.517405	0.291646
10674.449633	936.816449	0.291718
10693.795864	935.121647	0.291827
10713.142095	933.432966	0.291975
10732.488326	931.750373	0.292160
10751.834556	930.073835	0.292383
10771.180787	928.403320	0.292646
10790.527018	926.738794	0.292947
10809.873249	925.080227	0.293287
10829.219480	923.427586	0.293667
10848.565710	921.780839	0.294087
10867.911941	920.139955	0.294546
10887.258172	918.504902	0.295046
10906.604403	916.875650	0.295587
10925.950634	915.252168	0.296168
10945.296865	913.634424	0.296789
10964.643095	912.022390	0.297452
10983.989326	910.416034	0.298155
11003.335557	908.815327	0.298900
11022.681788	907.220238	0.299685
11042.028019	905.630739	0.300512
11061.374249	904.046801	0.301380
11080.720480	902.468393	0.302289
11100.066711	900.895487	0.303240
11119.412942	899.328054	0.304231
11138.759173	897.766066	0.305264
11158.105404	896.209494	0.306337
11177.451634	894.658311	0.307451
11196.797865	893.112488	0.308607
11216.144096	891.571998	0.309802
11235.490327	890.036813	0.311039
11254.836558	888.506905	0.312315
11274.182789	886.982249	0.313632
11293.529019	885.462815	0.314988
11312.875250	883.948579	0.316384
11332.221481	882.439513	0.317819
11351.567712	880.935590	0.319293
11370.913943	879.436785	0.320806
11390.260173	877.943071	0.322357
11409.606404	876.454423	0.323946
11428.952635	874.970815	0.325572
11448.298866	873.492221	0.327236
11467.645097	872.018615	0.328936
11486.991328	870.549974	0.330673
11506.337558	869.086271	0.332446
11525.683789	867.627482	0.334253
11545.030020	866.173581	0.336096
11564.376251	864.724546	0.337973
11583.722482	863.280350	0.339884
11603.068712	861.840971	0.341828
11622.414943	860.406383	0.343804
11641.761174	858.976563	0.345813
11661.107405	857.551487	0.347853
11680.453636	856.131133	0.349923
11699.799867	854.715475	0.352024
11719.146097	853.304491	0.354154
11738.492328	851.898159	0.356313
11757.838559	850.496454	0.358500
11777.184790	849.099354	0.360714
11796.531021	847.706837	0.362954
11815.877252	846.318880	0.365220
11835.223482	844.935460	0.367511
11854.569713	843.556556	0.369826
11873.915944	842.182145	0.372165
11893.262175	840.812206	0.374526
11912.608406	839.446716	0.376908
11931.954636	838.085654	0.379312
11951.300867	836.728998	0.381735
11970.647098	835.376728	0.384177
11989.993329	834.028821	0.386637
12009.339560	832.685257	0.389115
12028.685791	831.346015	0.391609
12048.032021	830.011074	0.394118
12067.378252	828.680414	0.396641
12086.724483	827.354013	0.399178
12106.070714	826.031851	0.401727
12125.416945	824.713908	0.404288
12144.763175	823.400165	0.406859
12164.109406	822.090600	0.409439
12183.455637	820.785194	0.412028
12202.801868	819.483927	0.414624
12222.148099	818.186780	0.417227
12241.494330	816.893733	0.419835
12260.840560	815.604766	0.422447
12280.186791	814.319861	0.425062
12299.533022	813.038998	0.427679
12318.879253	811.762157	0.430298
12338.225484	810.489321	0.432916
12357.571714	809.220471	0.435534
12376.917945	807.955587	0.438149
12396.264176	806.694651	0.440761
12415.610407	805.437644	0.443368
12434.956638	804.184549	0.445970
12454.302869	802.935347	0.448566
12473.649099	801.690020	0.451154
12492.995330	800.448550	0.453733
12512.341561	799.210919	0.456302
12531.687792	797.977109	0.458860
12551.034023	796.747103	0.461407
12570.380254	795.520883	0.463940
12589.726484	794.298432	0.466459
12609.072715	793.079731	0.468962
12628.418946	791.864765	0.471449
12647.765177	790.653515	0.473919
12667.111408	789.445966	0.476370
12686.457638	788.242099	0.478801
12705.803869	787.041899	0.481212
12725.150100	785.845347	0.483601
12744.496331	784.652429	0.485966
12763.842562	783.463127	0.488308
12783.188793	782.277424	0.490625
12802.535023	781.095305	0.492916
12821.881254	779.916753	0.495180
12841.227485	778.741753	0.497415
12860.573716	777.570287	0.499622
12879.919947	776.402341	0.501798
12899.266177	775.237898	0.503943
12918.612408	774.076943	0.506056
12937.958639	772.919460	0.508136
12957.304870	771.765433	0.510182
12976.651101	770.614847	0.512193
12995.997332	769.467686	0.514168
13015.343562	768.323936	0.516105
13034.689793	767.183582	0.518006
13054.036024	766.046607	0.519867
13073.382255	764.912997	0.521688
13092.728486	763.782737	0.523470
13112.074716	762.655813	0.525209
13131.420947	761.532209	0.526907
13150.767178	760.411911	0.528562
13170.113409	759.294904	0.530172
13189.459640	758.181174	0.531738
13208.805871	757.070707	0.533259
13228.152101	755.963488	0.534734
13247.498332	754.859502	0.536161
13266.844563	753.758737	0.537541
13286.190794	752.661177	0.538873
13305.537025	751.566809	0.540155
13324.883256	750.475618	0.541388
13344.229486	749.387592	0.542570
13363.575717	748.302716	0.543702
13382.921948	747.220976	0.544782
13402.268179	746.142359	0.545809
13421.614410	745.066852	0.546784
13440.960640	743.994441	0.547706
13460.306871	742.925113	0.548574
13479.653102	741.858854	0.549387
13498.999333	740.795651	0.550146
13518.345564	739.735492	0.550849
13537.691795	738.678362	0.551497
13557.038025	737.624250	0.552089
13576.384256	736.573141	0.552624
13595.730487	735.525025	0.553102
13615.076718	734.479886	0.553523
13634.422949	733.437714	0.553887
13653.769179	732.398495	0.554193
13673.115410	731.362217	0.554440
13692.461641	730.328867	0.554629
13711.807872	729.298433	0.554760
13731.154103	728.270903	0.554832
13750.500334	727.246264	0.554845
13769.846564	726.224505	0.554798
13789.192795	725.205612	0.554693
13808.539026	724.189574	0.554528
13827.885257	723.176380	0.554303
13847.231488	722.166016	0.554019
13866.577718	721.158472	0.553675
13885.923949	720.153735	0.553272
13905.270180	719.151794	0.552809
13924.616411	718.152637	0.552287
13943.962642	717.156253	0.551705
13963.308873	716.162630	0.551063
13982.655103	715.171756	0.550363
14002.001334	714.183620	0.549603
14021.347565	713.198211	0.548783
14040.693796	712.215518	0.547905
14060.040027	711.235529	0.546969
14079.386258	710.258233	0.545973
14098.732488	709.283619	0.544920
14118.078719	708.311676	0.543808
14137.424950	707.342393	0.542639
14156.771181	706.375760	0.541412
14176.117412	705.411765	0.540128
14195.463642	704.450397	0.538788
14214.809873	703.491646	0.537391
14234.156104	702.535502	0.535937
14253.502335	701.581953	0.534429
14272.848566	700.630989	0.532865
14292.194797	699.682599	0.531246
14311.541027	698.736773	0.529573
14330.887258	697.793502	0.527846
14350.233489	696.852773	0.526066
14369.579720	695.914578	0.524233
14388.925951	694.978905	0.522348
14408.272181	694.045745	0.520411
14427.618412	693.115088	0.518423
14446.964643	692.186923	0.516385
14466.310874	691.261240	0.514297
14485.657105	690.338031	0.512159
14505.003336	689.417284	0.509973
14524.349566	688.498990	0.507738
14543.695797	687.583138	0.505457
14563.042028	686.669721	0.503129
14582.388259	685.758726	0.500754
14601.734490	684.850146	0.498335
14621.080720	683.943970	0.495871
14640.426951	683.040190	0.493364
14659.773182	682.138794	0.490813
14679.119413	681.239775	0.488220
14698.465644	680.343122	0.485586
14717.811875	679.448826	0.482911
14737.158105	678.556878	0.480197
14756.504336	677.667269	0.477443
14775.850567	676.779990	0.474651
14795.196798	675.895031	0.471821
14814.543029	675.012383	0.468956
14833.889260	674.132038	0.466054
14853.235490	673.253986	0.463118
14872.581721	672.378218	0.460147
14891.927952	671.504726	0.457144
14911.274183	670.633500	0.454108
14930.620414	669.764532	0.451041
14949.966644	668.897813	0.447944
14969.312875	668.033335	0.444817
14988.659106	667.171088	0.441661
15008.005337	666.311064	0.438478
15027.351568	665.453254	0.435267
15046.697799	664.597650	0.432031
15066.044029	663.744244	0.428770
15085.390260	662.893026	0.425485
15104.736491	662.043989	0.422176
15124.082722	661.197124	0.418846
15143.428953	660.352423	0.415494
15162.775183	659.509877	0.412121
15182.121414	658.669479	0.408730
15201.467645	657.831220	0.405319
15220.813876	656.995091	0.401891
15240.160107	656.161086	0.398446
15259.506338	655.329195	0.394986
15278.852568	654.499411	0.391510
15298.198799	653.671725	0.388021
15317.545030	652.846130	0.384519
15336.891261	652.022619	0.381004
15356.237492	651.201182	0.377478
15375.583722	650.381812	0.373942
15394.929953	649.564501	0.370397
15414.276184	648.749243	0.366843
15433.622415	647.936028	0.363281
15452.968646	647.124849	0.359713
15472.314877	646.315699	0.356138
15491.661107	645.508569	0.352559
15511.007338	644.703454	0.348975
15530.353569	643.900344	0.345388
15549.699800	643.099232	0.341799
15569.046031	642.300111	0.338208
15588.392262	641.502974	0.334617
15607.738492	640.707813	0.331025
15627.084723	639.914621	0.327434
15646.430954	639.123390	0.323845
15665.777185	638.334114	0.320259
15685.123416	637.546785	0.316675
15704.469646	636.761395	0.313096
15723.815877	635.977938	0.309522
15743.162108	635.196407	0.305953
15762.508339	634.416794	0.302390
15781.854570	633.639092	0.298835
15801.200801	632.863295	0.295287
15820.547031	632.089395	0.291748
15839.893262	631.317385	0.288218
15859.239493	630.547259	0.284698
15878.585724	629.779010	0.281188
15897.931955	629.012631	0.277690
15917.278185	628.248114	0.274204
15936.624416	627.485454	0.270730
15955.970647	626.724643	0.267270
15975.316878	625.965674	0.263823
15994.663109	625.208542	0.260391
16014.009340	624.453239	0.256974
16033.355570	623.699759	0.253572
16052.701801	622.948095	0.250187
16072.048032	622.198240	0.246818
16091.394263	621.450189	0.243467
16110.740494	620.703934	0.240133
16130.086724	619.959469	0.236818
16149.432955	619.216788	0.233521
16168.779186	618.475884	0.230244
16188.125417	617.736751	0.226987
16207.471648	616.999383	0.223750
16226.817879	616.263772	0.220534
16246.164109	615.529914	0.217339
16265.510340	614.797802	0.214165
16284.856571	614.067429	0.211014
16304.202802	613.338789	0.207885
16323.549033	612.611876	0.204779
16342.895264	611.886685	0.201696
16362.241494	611.163208	0.198636
16381.587725	610.441440	0.195600
16400.933956	609.721375	0.192589
16420.280187	609.003006	0.189602
16439.626418	608.286329	0.186640
16458.972648	607.571336	0.183702
16478.318879	606.858022	0.180791
16497.665110	606.146381	0.177905
16517.011341	605.436407	0.175044
16536.357572	604.728094	0.172210
16555.703803	604.021437	0.169403
16575.050033	603.316429	0.166621
16594.396264	602.613065	0.163867
16613.742495	601.911340	0.161140
16633.088726	601.211246	0.158439
16652.434957	600.512779	0.155766
16671.781187	599.815934	0.153121
16691.127418	599.120703	0.150503
16710.473649	598.427083	0.147913
16729.819880	597.735067	0.145351
16749.166111	597.044649	0.142816
16768.512342	596.355824	0.140310
16787.858572	595.668587	0.137832
16807.204803	594.982932	0.135382
16826.551034	594.298854	0.132960
16845.897265	593.616347	0.130566
16865.243496	592.935406	0.128201
16884.589726	592.256025	0.125864
16903.935957	591.578200	0.123556
16923.282188	590.901924	0.121276
16942.628419	590.227192	0.119025
16961.974650	589.554000	0.116802
16981.320881	588.882341	0.114607
17000.667111	588.212212	0.112440
17020.013342	587.543605	0.110302
17039.359573	586.876517	0.108192
17058.705804	586.210942	0.106111
17078.052035	585.546875	0.104057
17097.398266	584.884311	0.102032
17116.744496	584.223244	0.100035
17136.090727	583.563670	0.098065
17155.436958	582.905584	0.096123
17174.783189	582.248980	0.094209
17194.129420	581.593854	0.092323
17213.475650	580.940201	0.090464
17232.821881	580.288015	0.088633
17252.168112	579.637292	0.086828
17271.514343	578.988026	0.085051
17290.860574	578.340214	0.083301
17310.206805	577.693849	0.081577
17329.553035	577.048928	0.079880
17348.899266	576.405445	0.078210
17368.245497	575.763395	0.076566
17387.591728	575.122775	0.074948
17406.937959	574.483578	0.073356
17426.284189	573.845800	0.071790
17445.630420	573.209437	0.070250
17464.976651	572.574484	0.068734
17484.322882	571.940936	0.067245
17503.669113	571.308789	0.065780
17523.015344	570.678037	0.064340
17542.361574	570.048677	0.062924
17561.707805	569.420703	0.061533
17581.054036	568.794111	0.060166
17600.400267	568.168897	0.058823
17619.746498	567.545055	0.057504
17639.092728	566.922582	0.056209
17658.438959	566.301473	0.054936
17677.785190	565.681724	0.053687
17697.131421	565.063329	0.052461
17716.477652	564.446285	0.051257
17735.823883	563.830588	0.050076
17755.170113	563.216231	0.048917
17774.516344	562.603213	0.047779
17793.862575	561.991527	0.046664
17813.208806	561.381170	0.045570
17832.555037	560.772137	0.044497
17851.901268	560.164425	0.043445
17871.247498	559.558028	0.042414
17890.593729	558.952942	0.041403
17909.939960	558.349164	0.040413
17929.286191	557.746688	0.039442
17948.632422	557.145512	0.038492
17967.978652	556.545630	0.037561
17987.324883	555.947039	0.036649
18006.671114	555.349733	0.035756
18026.017345	554.753710	0.034882
18045.363576	554.158965	0.034026
18064.709807	553.565494	0.033189
18084.056037	552.973292	0.032370
18103.402268	552.382356	0.031569
18122.748499	551.792682	0.030786
18142.094730	551.204265	0.030019
18161.440961	550.617103	0.029270
18180.787191	550.031189	0.028538
18200.133422	549.446522	0.027823
18219.479653	548.863095	0.027124
18238.825884	548.280907	0.026441
18258.172115	547.699953	0.025774
18277.518346	547.120228	0.025123
18296.864576	546.541729	0.024488
18316.210807	545.964452	0.023868
18335.557038	545.388394	0.023263
18354.903269	544.813549	0.022673
18374.249500	544.239916	0.022098
18393.595730	543.667489	0.021537
18412.941961	543.096265	0.020990
18432.288192	542.526240	0.020458
18451.634423	541.957410	0.019940
18470.980654	541.389772	0.019435
18490.326885	540.823321	0.018943
18509.673115	540.258055	0.018465
18529.019346	539.693969	0.018000
18548.365577	539.131060	0.017548
18567.711808	538.569324	0.017109
18587.058039	538.008757	0.016683
18606.404270	537.449356	0.016268
18625.750500	536.891117	0.015866
18645.096731	536.334037	0.015476
18664.442962	535.778111	0.015098
18683.789193	535.223337	0.014732
18703.135424	534.669710	0.014377
18722.481654	534.117228	0.014034
18741.827885	533.565886	0.013702
18761.174116	533.015681	0.013381
18780.520347	532.466610	0.013071
18799.866578	531.918669	0.012772
18819.212809	531.371854	0.012484
18838.559039	530.826162	0.012207
18857.905270	530.281590	0.011939
18877.251501	529.738135	0.011683
18896.597732	529.195792	0.011436
18915.943963	528.654558	0.011200
18935.290193	528.114431	0.010973
18954.636424	527.575406	0.010757
18973.982655	527.037480	0.010550
18993.328886	526.500650	0.010354
19012.675117	525.964912	0.010166
19032.021348	525.430264	0.009989
19051.367578	524.896701	0.009821
19070.713809	524.364221	0.009662
19090.060040	523.832821	0.009513
19109.406271	523.302496	0.009373
19128.752502	522.773244	0.009242
19148.098732	522.245061	0.009120
19167.444963	521.717945	0.009008
19186.791194	521.191892	0.008904
19206.137425	520.666898	0.008810
19225.483656	520.142961	0.008724
19244.829887	519.620078	0.008648
19264.176117	519.098244	0.008580
19283.522348	518.577458	0.008522
19302.868579	518.057716	0.008472
19322.214810	517.539014	0.008431
19341.561041	517.021350	0.008399
19360.907272	516.504721	0.008376
19380.253502	515.989123	0.008362
19399.599733	515.474553	0.008357
19418.945964	514.961009	0.008360
19438.292195	514.448487	0.008373
19457.638426	513.936984	0.008394
19476.984656	513.426497	0.008425
19496.330887	512.917023	0.008465
19515.677118	512.408560	0.008513
19535.023349	511.901103	0.008571
19554.369580	511.394651	0.008638
19573.715811	510.889199	0.008714
19593.062041	510.384746	0.008800
19612.408272	509.881288	0.008894
19631.754503	509.378823	0.008999
19651.100734	508.877347	0.009112
19670.446965	508.376857	0.009236
19689.793195	507.877350	0.009369
19709.139426	507.378825	0.009512
19728.485657	506.881277	0.009664
19747.831888	506.384704	0.009827
19767.178119	505.889103	0.010000
19786.524350	505.394471	0.010183
19805.870580	504.900805	0.010376
19825.216811	504.408103	0.010580
19844.563042	503.916361	0.010794
19863.909273	503.425578	0.011019
19883.255504	502.935749	0.011255
19902.601734	502.446873	0.011502
19921.947965	501.958946	0.011761
19941.294196	501.471966	0.012030
19960.640427	500.985930	0.012311
19979.986658	500.500835	0.012604
19999.332889	500.016678	0.012909
20018.679119	499.533458	0.013225
20038.025350	499.051170	0.013554
20057.371581	498.569813	0.013896
20076.717812	498.089384	0.014250
20096.064043	497.609879	0.014616
20115.410274	497.131297	0.014996
20134.756504	496.653635	0.015389
20154.102735	496.176889	0.015796
20173.448966	495.701058	0.016216
20192.795197	495.226139	0.016651
20212.141428	494.752129	0.017099
20231.487658	494.279025	0.017562
20250.833889	493.806826	0.018039
20270.180120	493.335527	0.018532
20289.526351	492.865128	0.019040
20308.872582	492.395625	0.019563
20328.218813	491.927015	0.020102
20347.565043	491.459296	0.020656
20366.911274	490.992466	0.021227
20386.257505	490.526522	0.021815
20405.603736	490.061462	0.022419
20424.949967	489.597283	0.023041
20444.296197	489.133982	0.023680
20463.642428	488.671557	0.024337
20482.988659	488.210005	0.025012
20502.334890	487.749325	0.025705
20521.681121	487.289513	0.026417
20541.027352	486.830567	0.027148
20560.373582	486.372485	0.027898
20579.719813	485.915265	0.028668
20599.066044	485.458903	0.029458
20618.412275	485.003397	0.030268
20637.758506	484.548746	0.031099
20657.104736	484.094946	0.031951
20676.450967	483.641995	0.032824
20695.797198	483.189891	0.033719
20715.143429	482.738632	0.034637
20734.489660	482.288215	0.035576
20753.835891	481.838637	0.036539
20773.182121	481.389897	0.037524
20792.528352	480.941992	0.038534
20811.874583	480.494919	0.039567
20831.220814	480.048677	0.040624
20850.567045	479.603263	0.041707
20869.913276	479.158675	0.042814
20889.259506	478.714911	0.043947
20908.605737	478.271967	0.045106
20927.951968	477.829843	0.046291
20947.298199	477.388535	0.047503
20966.644430	476.948042	0.048742
20985.990660	476.508360	0.050008
21005.336891	476.069489	0.051302
21024.683122	475.631425	0.052624
21044.029353	475.194167	0.053976
21063.375584	474.757712	0.055356
21082.721815	474.322058	0.056766
21102.068045	473.887203	0.058205
21121.414276	473.453144	0.059675
21140.760507	473.019880	0.061176
21160.106738	472.587408	0.062708
21179.452969	472.155726	0.064271
21198.799199	471.724832	0.065867
21218.145430	471.294724	0.067494
21237.491661	470.865400	0.069155
21256.837892	470.436857	0.070848
21276.184123	470.009093	0.072576
21295.530354	469.582106	0.074337
21314.876584	469.155895	0.076133
21334.222815	468.730457	0.077963
21353.569046	468.305789	0.079829
21372.915277	467.881890	0.081730
21392.261508	467.458758	0.083667
21411.607738	467.036391	0.085641
21430.953969	466.614786	0.087651
21450.300200	466.193942	0.089699
21469.646431	465.773856	0.091784
21488.992662	465.354526	0.093907
21508.338893	464.935951	0.096068
21527.685123	464.518128	0.098268
21547.031354	464.101056	0.100507
21566.377585	463.684732	0.102785
21585.723816	463.269154	0.105103
21605.070047	462.854320	0.107462
21624.416278	462.440228	0.109860
21643.762508	462.026877	0.112300
21663.108739	461.614264	0.114780
21682.454970	461.202388	0.117302
21701.801201	460.791245	0.119866
21721.147432	460.380835	0.122472
21740.493662	459.971156	0.125120
21759.839893	459.562205	0.127811
21779.186124	459.153980	0.130544
21798.532355	458.746481	0.133321
21817.878586	458.339703	0.136141
21837.224817	457.933647	0.139006
21856.571047	457.528309	0.141914
21875.917278	457.123689	0.144866
21895.263509	456.719783	0.147863
21914.609740	456.316591	0.150904
21933.955971	455.914109	0.153990
21953.302201	455.512337	0.157122
21972.648432	455.111273	0.160298
21991.994663	454.710914	0.163520
22011.340894	454.311259	0.166788
22030.687125	453.912306	0.170101
22050.033356	453.514053	0.173461
22069.379586	453.116498	0.176866
22088.725817	452.719640	0.180317
22108.072048	452.323476	0.183814
22127.418279	451.928005	0.187358
22146.764510	451.533225	0.190948
22166.110740	451.139134	0.194584
22185.456971	450.745730	0.198267
22204.803202	450.353012	0.201996
22224.149433	449.960977	0.205772
22243.495664	449.569625	0.209594
22262.841895	449.178952	0.213462
22282.188125	448.788958	0.217377
22301.534356	448.399641	0.221338
22320.880587	448.010999	0.225345
22340.226818	447.623029	0.229398
22359.573049	447.235731	0.233497
22378.919280	446.849103	0.237642
22398.265510	446.463142	0.241833
22417.611741	446.077848	0.246069
22436.957972	445.693218	0.250351
22456.304203	445.309251	0.254677
22475.650434	444.925945	0.259049
22494.996664	444.543298	0.263465
22514.342895	444.161308	0.267925
22533.689126	443.779975	0.272430
22553.035357	443.399296	0.276978
22572.381588	443.019269	0.281570
22591.727819	442.639894	0.286204
22611.074049	442.261167	0.290882
22630.420280	441.883088	0.295602
22649.766511	441.505655	0.300363
22669.112742	441.128866	0.305166
22688.458973	440.752720	0.310011
22707.805203	440.377214	0.314895
22727.151434	440.002348	0.319820
22746.497665	439.628120	0.324784
22765.843896	439.254527	0.329787
22785.190127	438.881569	0.334829
22804.536358	438.509244	0.339908
22823.882588	438.137550	0.345025
22843.228819	437.766486	0.350178
22862.575050	437.396049	0.355367
22881.921281	437.026239	0.360591
22901.267512	436.657054	0.365850
22920.613742	436.288492	0.371143
22939.959973	435.920551	0.376469
22959.306204	435.553231	0.381827
22978.652435	435.186529	0.387216
22997.998666	434.820444	0.392637
23017.344897	434.454975	0.398087
23036.691127	434.090119	0.403566
23056.037358	433.725876	0.409074
23075.383589	433.362243	0.414608
23094.729820	432.999220	0.420170
23114.076051	432.636804	0.425756
23133.422282	432.274995	0.431367
23152.768512	431.913790	0.437001
23172.114743	431.553188	0.442658
23191.460974	431.193188	0.448336
23210.807205	430.833788	0.454035
23230.153436	430.474987	0.459753
23249.499666	430.116783	0.465489
23268.845897	429.759174	0.471243
23288.192128	429.402160	0.477012
23307.538359	429.045738	0.482796
23326.884590	428.689908	0.488594
23346.230821	428.334667	0.494405
23365.577051	427.980014	0.500227
23384.923282	427.625949	0.506058
23404.269513	427.272468	0.511899
23423.615744	426.919572	0.517747
23442.961975	426.567258	0.523602
23462.308205	426.215525	0.529462
23481.654436	425.864371	0.535325
23501.000667	425.513796	0.541191
23520.346898	425.163797	0.547058
23539.693129	424.814374	0.552925
23559.039360	424.465525	0.558790
23578.385590	424.117248	0.564652
23597.731821	423.769542	0.570509
23617.078052	423.422406	0.576361
23636.424283	423.075838	0.582205
23655.770514	422.729836	0.588041
23675.116744	422.384401	0.593867
23694.462975	422.039529	0.599681
23713.809206	421.695220	0.605482
23733.155437	421.351473	0.611269
23752.501668	421.008285	0.617040
23771.847899	420.665656	0.622793
23791.194129	420.323585	0.628527
23810.540360	419.982069	0.634241
23829.886591	419.641107	0.639933
23849.232822	419.300699	0.645601
23868.579053	418.960843	0.651244
23887.925284	418.621537	0.656861
23907.271514	418.282780	0.662449
23926.617745	417.944571	0.668008
23945.963976	417.606909	0.673536
23965.310207	417.269792	0.679031
23984.656438	416.933218	0.684492
24004.002668	416.597187	0.689917
24023.348899	416.261698	0.695305
24042.695130	415.926748	0.700654
24062.041361	415.592337	0.705963
24081.387592	415.258463	0.711229
24100.733823	414.925125	0.716452
24120.080053	414.592322	0.721630
24139.426284	414.260053	0.726762
24158.772515	413.928315	0.731845
24178.118746	413.597108	0.736879
24197.464977	413.266431	0.741862
24216.811207	412.936283	0.746792
24236.157438	412.606661	0.751668
24255.503669	412.277565	0.756489
24274.849900	411.948994	0.761253
24294.196131	411.620946	0.765958
24313.542362	411.293420	0.770603
24332.888592	410.966415	0.775187
24352.234823	410.639930	0.779708
24371.581054	410.313963	0.784165
24390.927285	409.988513	0.788556
24410.273516	409.663578	0.792880
24429.619746	409.339159	0.797136
24448.965977	409.015253	0.801322
24468.312208	408.691859	0.805437
24487.658439	408.368976	0.809479
24507.004670	408.046603	0.813448
24526.350901	407.724738	0.817342
24545.697131	407.403381	0.821160
24565.043362	407.082530	0.824900
24584.389593	406.762184	0.828561
24603.735824	406.442342	0.832143
24623.082055	406.123002	0.835644
24642.428286	405.804164	0.839062
24661.774516	405.485826	0.842397
24681.120747	405.167987	0.845648
24700.466978	404.850645	0.848813
24719.813209	404.533801	0.851892
24739.159440	404.217452	0.854883
24758.505670	403.901598	0.857785
24777.851901	403.586237	0.860598
24797.198132	403.271367	0.863320
24816.544363	402.956989	0.865951
24835.890594	402.643101	0.868489
24855.236825	402.329701	0.870935
24874.583055	402.016789	0.873286
24893.929286	401.704363	0.875543
24913.275517	401.392422	0.877704
24932.621748	401.080965	0.879769
24951.967979	400.769992	0.881736
24971.314209	400.459500	0.883606
24990.660440	400.149489	0.885378
25010.006671	399.839957	0.887051
25029.352902	399.530904	0.888624
25048.699133	399.222329	0.890097
25068.045364	398.914229	0.891470
25087.391594	398.606605	0.892742
25106.737825	398.299455	0.893912
25126.084056	397.992778	0.894981
25145.430287	397.686573	0.895947
25164.776518	397.380839	0.896810
25184.122748	397.075574	0.897571
25203.468979	396.770778	0.898229
25222.815210	396.466450	0.898783
25242.161441	396.162588	0.899234
25261.507672	395.859191	0.899581
25280.853903	395.556259	0.899824
25300.200133	395.253790	0.899963
25319.546364	394.951784	0.899999
25338.892595	394.650238	0.899930
25358.238826	394.349153	0.899758
25377.585057	394.048527	0.899481
25396.931288	393.748358	0.899101
25416.277518	393.448647	0.898617
25435.623749	393.149392	0.898030
25454.969980	392.850591	0.897339
25474.316211	392.552244	0.896546
25493.662442	392.254350	0.895649
25513.008672	391.956908	0.894650
25532.354903	391.659917	0.893549
25551.701134	391.363375	0.892347
25571.047365	391.067282	0.891043
25590.393596	390.771637	0.889638
25609.739827	390.476439	0.888132
25629.086057	390.181686	0.886527
25648.432288	389.887377	0.884823
25667.778519	389.593513	0.883019
25687.124750	389.300091	0.881118
25706.470981	389.007111	0.879119
25725.817211	388.714571	0.877024
25745.163442	388.422471	0.874832
25764.509673	388.130810	0.872545
25783.855904	387.839586	0.870164
25803.202135	387.548799	0.867688
25822.548366	387.258448	0.865120
25841.894596	386.968531	0.862460
25861.240827	386.679049	0.859709
25880.587058	386.389999	0.856867
25899.933289	386.101381	0.853936
25919.279520	385.813193	0.850917
25938.625751	385.525436	0.847811
25957.971981	385.238107	0.844618
25977.318212	384.951207	0.841341
25996.664443	384.664734	0.837979
26016.010674	384.378686	0.834534
26035.356905	384.093064	0.831007
26054.703135	383.807866	0.827400
26074.049366	383.523091	0.823713
26093.395597	383.238738	0.819948
26112.741828	382.954807	0.816106
26132.088059	382.671296	0.812188
26151.434290	382.388204	0.808195
26170.780520	382.105531	0.804130
26190.126751	381.823276	0.799992
26209.472982	381.541438	0.795783
26228.819213	381.260015	0.791506
26248.165444	380.979007	0.787160
26267.511674	380.698413	0.782748
26286.857905	380.418232	0.778270
26306.204136	380.138463	0.773729
26325.550367	379.859105	0.769125
26344.896598	379.580158	0.764461
26364.242829	379.301619	0.759737
26383.589059	379.023490	0.754955
26402.935290	378.745768	0.750116
26422.281521	378.468453	0.745223
26441.627752	378.191543	0.740276
26460.973983	377.915038	0.735276
26480.320213	377.638938	0.730226
26499.666444	377.363240	0.725127
26519.012675	377.087945	0.719981
26538.358906	376.813051	0.714788
26557.705137	376.538558	0.709551
26577.051368	376.264464	0.704271
26596.397598	375.990770	0.698949
26615.743829	375.717472	0.693588
26635.090060	375.444572	0.688188
26654.436291	375.172069	0.682751
26673.782522	374.899960	0.677279
26693.128753	374.628246	0.671773
26712.474983	374.356925	0.666236
26731.821214	374.085997	0.660667
26751.167445	373.815461	0.655069
26770.513676	373.545316	0.649444
26789.859907	373.275562	0.643792
26809.206137	373.006196	0.638116
26828.552368	372.737219	0.632417
26847.898599	372.468630	0.626697
26867.244830	372.200427	0.620956
26886.591061	371.932610	0.615198
26905.937292	371.665179	0.609422
26925.283522	371.398132	0.603630
26944.629753	371.131468	0.597825
26963.975984	370.865187	0.592007
26983.322215	370.599288	0.586177
27002.668446	370.333770	0.580339
27022.014676	370.068632	0.574492
27041.360907	369.803873	0.568638
27060.707138	369.539493	0.562779
27080.053369	369.275491	0.556916
27099.399600	369.011865	0.551050
27118.745831	368.748616	0.545183
27138.092061	368.485742	0.539316
27157.438292	368.223243	0.533451
27176.784523	367.961117	0.527589
27196.130754	367.699365	0.521731
27215.476985	367.437984	0.515878
27234.823215	367.176975	0.510032
27254.169446	366.916336	0.504194
27273.515677	366.656067	0.498365
27292.861908	366.396167	0.492547
27312.208139	366.136636	0.486740
27331.554370	365.877471	0.480946
27350.900600	365.618674	0.475167
27370.246831	365.360242	0.469402
27389.593062	365.102175	0.463654
27408.939293	364.844473	0.457924
27428.285524	364.587134	0.452212
27447.631755	364.330157	0.446519
27466.977985	364.073543	0.440848
27486.324216	363.817290	0.435198
27505.670447	363.561398	0.429571
27525.016678	363.305865	0.423968
27544.362909	363.050691	0.418389
27563.709139	362.795876	0.412836
27583.055370	362.541418	0.407310
27602.401601	362.287316	0.401811
27621.747832	362.033571	0.396341
27641.094063	361.780181	0.390900
27660.440294	361.527145	0.385490
27679.786524	361.274463	0.380110
27699.132755	361.022133	0.374762
27718.478986	360.770156	0.369447
27737.825217	360.518531	0.364165
27757.171448	360.267256	0.358917
27776.517678	360.016332	0.353703
27795.863909	359.765756	0.348526
27815.210140	359.515529	0.343384
27834.556371	359.265650	0.338279
27853.902602	359.016119	0.333212
27873.248833	358.766933	0.328182
27892.595063	358.518093	0.323191
27911.941294	358.269598	0.318240
27931.287525	358.021448	0.313327
27950.633756	357.773641	0.308456
27969.979987	357.526176	0.303624
27989.326217	357.279054	0.298834
28008.672448	357.032273	0.294086
28028.018679	356.785833	0.289379
28047.364910	356.539733	0.284715
28066.711141	356.293972	0.280094
28086.057372	356.048550	0.275516
28105.403602	355.803465	0.270982
28124.749833	355.558718	0.266491
28144.096064	355.314307	0.262044
28163.442295	355.070232	0.257642
28182.788526	354.826492	0.253285
28202.134757	354.583087	0.248972
28221.480987	354.340015	0.244705
28240.827218	354.097276	0.240483
28260.173449	353.854870	0.236307
28279.519680	353.612795	0.232176
28298.865911	353.371051	0.228091
28318.212141	353.129638	0.224052
28337.558372	352.888554	0.220059
28356.904603	352.647799	0.216113
28376.250834	352.407373	0.212213
28395.597065	352.167274	0.208359
28414.943296	351.927502	0.204551
28434.289526	351.688056	0.200790
28453.635757	351.448936	0.197075
28472.981988	351.210140	0.193406
28492.328219	350.971669	0.189784
28511.674450	350.733522	0.186208
28531.020680	350.495698	0.182679
28550.366911	350.258196	0.179196
28569.713142	350.021015	0.175758
28589.059373	349.784156	0.172367
28608.405604	349.547617	0.169022
28627.751835	349.311397	0.165722
28647.098065	349.075497	0.162469
28666.444296	348.839915	0.159260
28685.790527	348.604651	0.156097
28705.136758	348.369704	0.152979
28724.482989	348.135074	0.149906
28743.829219	347.900759	0.146878
28763.175450	347.666759	0.143895
28782.521681	347.433075	0.140955
28801.867912	347.199704	0.138060
28821.214143	346.966646	0.135209
28840.560374	346.733901	0.132401
28859.906604	346.501468	0.129636
28879.252835	346.269346	0.126915
28898.599066	346.037535	0.124236
28917.945297	345.806035	0.121600
28937.291528	345.574844	0.119006
28956.637759	345.343962	0.116454
28975.983989	345.113388	0.113944
28995.330220	344.883122	0.111475
29014.676451	344.653163	0.109046
29034.022682	344.423510	0.106658
29053.368913	344.194163	0.104311
29072.715143	343.965122	0.102003
29092.061374	343.736385	0.099735
29111.407605	343.507952	0.097506
29130.753836	343.279822	0.095316
29150.100067	343.051996	0.093164
29169.446298	342.824471	0.091051
29188.792528	342.597248	0.088975
29208.138759	342.370326	0.086936
29227.484990	342.143705	0.084934
29246.831221	341.917383	0.082969
29266.177452	341.691361	0.081040
29285.523682	341.465637	0.079146
29304.869913	341.240211	0.077288
29324.216144	341.015083	0.075465
29343.562375	340.790251	0.073676
29362.908606	340.565716	0.071922
29382.254837	340.341477	0.070201
29401.601067	340.117532	0.068513
29420.947298	339.893882	0.066858
29440.293529	339.670526	0.065236
29459.639760	339.447464	0.063645
29478.985991	339.224694	0.062086
29498.332221	339.002216	0.060559
29517.678452	338.780030	0.059062
29537.024683	338.558135	0.057595
29556.370914	338.336531	0.056159
29575.717145	338.115216	0.054752
29595.063376	337.894191	0.053374
29614.409606	337.673455	0.052024
29633.755837	337.453006	0.050703
29653.102068	337.232846	0.049410
29672.448299	337.012972	0.048144
29691.794530	336.793385	0.046906
29711.140761	336.574084	0.045693
29730.486991	336.355069	0.044507
29749.833222	336.136338	0.043347
29769.179453	335.917892	0.042212
29788.525684	335.699729	0.041102
29807.871915	335.481850	0.040017
29827.218145	335.264253	0.038956
29846.564376	335.046938	0.037918
29865.910607	334.829905	0.036904
29885.256838	334.613152	0.035913
29904.603069	334.396681	0.034945
29923.949300	334.180489	0.033998
29943.295530	333.964576	0.033074
29962.641761	333.748942	0.032171
29981.987992	333.533587	0.031289
30001.334223	333.318509	0.030427
30020.680454	333.103709	0.029586
30040.026684	332.889185	0.028765
30059.372915	332.674937	0.027964
30078.719146	332.460965	0.027181
30098.065377	332.247268	0.026418
30117.411608	332.033846	0.025673
30136.757839	331.820697	0.024946
30156.104069	331.607822	0.024236
30175.450300	331.395220	0.023545
30194.796531	331.182891	0.022870
30214.142762	330.970833	0.022212
30233.488993	330.759047	0.021571
30252.835223	330.547531	0.020946
30272.181454	330.336286	0.020336
30291.527685	330.125311	0.019742
30310.873916	329.914605	0.019163
30330.220147	329.704168	0.018599
30349.566378	329.493999	0.018049
30368.912608	329.284098	0.017514
30388.258839	329.074464	0.016992
30407.605070	328.865097	0.016485
30426.951301	328.655996	0.015990
30446.297532	328.447161	0.015509
30465.643763	328.238592	0.015040
30484.989993	328.030286	0.014584
30504.336224	327.822246	0.014140
30523.682455	327.614468	0.013708
30543.028686	327.406954	0.013287
30562.374917	327.199703	0.012878
30581.721147	326.992714	0.012480
30601.067378	326.785987	0.012093
30620.413609	326.579521	0.011717
30639.759840	326.373315	0.011351
30659.106071	326.167370	0.010995
30678.452302	325.961685	0.010649
30697.798532	325.756259	0.010313
30717.144763	325.551091	0.009987
30736.490994	325.346182	0.009669
30755.837225	325.141531	0.009361
30775.183456	324.937137	0.009061
30794.529686	324.733000	0.008770
30813.875917	324.529119	0.008487
30833.222148	324.325494	0.008213
30852.568379	324.122124	0.007946
30871.914610	323.919009	0.007687
30891.260841	323.716149	0.007436
30910.607071	323.513543	0.007192
30929.953302	323.311190	0.006955
30949.299533	323.109090	0.006726
30968.645764	322.907242	0.006503
30987.991995	322.705647	0.006287
31007.338225	322.504303	0.006077
31026.684456	322.303210	0.005874
31046.030687	322.102368	0.005677
31065.376918	321.901776	0.005485
31084.723149	321.701434	0.005300
31104.069380	321.501340	0.005120
31123.415610	321.301496	0.004946
31142.761841	321.101900	0.004777
31162.108072	320.902552	0.004614
31181.454303	320.703451	0.004455
31200.800534	320.504597	0.004301
31220.146765	320.305989	0.004153
31239.492995	320.107628	0.004009
31258.839226	319.909512	0.003869
31278.185457	319.711641	0.003734
31297.531688	319.514015	0.003603
31316.877919	319.316633	0.003477
31336.224149	319.119494	0.003354
31355.570380	318.922599	0.003235
31374.916611	318.725947	0.003121
31394.262842	318.529537	0.003010
31413.609073	318.333369	0.002902
31432.955304	318.137442	0.002798
31452.301534	317.941757	0.002698
31471.647765	317.746312	0.002601
31490.993996	317.551107	0.002507
31510.340227	317.356142	0.002416
31529.686458	317.161416	0.002328
31549.032688	316.966929	0.002243
31568.378919	316.772680	0.002161
31587.725150	316.578669	0.002082
31607.071381	316.384896	0.002005
31626.417612	316.191360	0.001931
31645.763843	315.998061	0.001859
31665.110073	315.804997	0.001790
31684.456304	315.612170	0.001724
31703.802535	315.419577	0.001659
31723.148766	315.227220	0.001597
31742.494997	315.035097	0.001537
31761.841227	314.843209	0.001479
31781.187458	314.651553	0.001423
31800.533689	314.460131	0.001369
31819.879920	314.268942	0.001317
31839.226151	314.077985	0.001267
31858.572382	313.887260	0.001218
31877.918612	313.696767	0.001172
31897.264843	313.506504	0.001127
31916.611074	313.316473	0.001083
31935.957305	313.126671	0.001041
31955.303536	312.937099	0.001001
31974.649767	312.747757	0.000962
31993.995997	312.558644	0.000924
32013.342228	312.369759	0.000888
32032.688459	312.181103	0.000853
32052.034690	311.992674	0.000820
32071.380921	311.804472	0.000787
32090.727151	311.616498	0.000756
32110.073382	311.428750	0.000726
32129.419613	311.241228	0.000697
32148.765844	311.053931	0.000669
32168.112075	310.866860	0.000643
32187.458306	310.680014	0.000617
32206.804536	310.493392	0.000592
32226.150767	310.306995	0.000568
32245.496998	310.120821	0.000545
32264.843229	309.934870	0.000523
32284.189460	309.749142	0.000502
32303.535690	309.563637	0.000481
32322.881921	309.378354	0.000462
32342.228152	309.193292	0.000443
32361.574383	309.008452	0.000424
32380.920614	308.823832	0.000407
32400.266845	308.639433	0.000390
32419.613075	308.455254	0.000374
32438.959306	308.271295	0.000358
32458.305537	308.087555	0.000343
32477.651768	307.904034	0.000329
32496.997999	307.720732	0.000315
32516.344229	307.537647	0.000302
32535.690460	307.354781	0.000289
32555.036691	307.172131	0.000277
32574.382922	306.989699	0.000265
32593.729153	306.807483	0.000254
32613.075384	306.625483	0.000243
32632.421614	306.443699	0.000233
32651.767845	306.262131	0.000223
32671.114076	306.080778	0.000213
32690.460307	305.899639	0.000204
32709.806538	305.718714	0.000195
32729.152769	305.538004	0.000187
32748.498999	305.357507	0.000179
32767.845230	305.177223	0.000171
32787.191461	304.997151	0.000164
32806.537692	304.817293	0.000156
32825.883923	304.637646	0.000150
32845.230153	304.458211	0.000143
32864.576384	304.278987	0.000137
32883.922615	304.099974	0.000131
32903.268846	303.921171	0.000125
32922.615077	303.742579	0.000119
32941.961308	303.564196	0.000114
32961.307538	303.386023	0.000109
32980.653769	303.208059	0.000104
33000.000000	303.030303	0.000099
