# UV-Vis reference spectrum — [Ni(NH3)6]2+ (Ni2+, d8, blue-violet)
# Reconstructed absorption envelope from literature band maxima (sum of Gaussians).
# Sources: Chemistry LibreTexts; Doc Brown's chemistry notes; Lever, Inorganic Electronic Spectroscopy (1984).
# Reference parameters: Dq=1080 cm^-1  B=870 cm^-1  beta=0.836 (moderately covalent)
# Observed band maxima (cm^-1): 10811, 17544, 27778
# Assignments (low->high energy): 3A2g->3T2g; 3A2g->3T1g(F); 3A2g->3T1g(P)
# columns: wavenumber_cm-1	wavelength_nm	absorbance_au
4000.000000	2500.000000	0.000311
4019.346231	2487.966805	0.000324
4038.692462	2476.048893	0.000338
4058.038692	2464.244616	0.000351
4077.384923	2452.552356	0.000366
4096.731154	2440.970526	0.000381
4116.077385	2429.497569	0.000396
4135.423616	2418.131957	0.000413
4154.769847	2406.872190	0.000429
4174.116077	2395.716797	0.000447
4193.462308	2384.664333	0.000465
4212.808539	2373.713381	0.000484
4232.154770	2362.862547	0.000503
4251.501001	2352.110466	0.000523
4270.847231	2341.455795	0.000544
4290.193462	2330.897217	0.000566
4309.539693	2320.433437	0.000588
4328.885924	2310.063184	0.000611
4348.232155	2299.785210	0.000635
4367.578386	2289.598289	0.000660
4386.924616	2279.501217	0.000686
4406.270847	2269.492808	0.000713
4425.617078	2259.571902	0.000741
4444.963309	2249.737356	0.000769
4464.309540	2239.988045	0.000799
4483.655771	2230.322869	0.000830
4503.002001	2220.740741	0.000862
4522.348232	2211.240596	0.000895
4541.694463	2201.821387	0.000929
4561.040694	2192.482083	0.000964
4580.386925	2183.221672	0.001001
4599.733155	2174.039159	0.001039
4619.079386	2164.933564	0.001078
4638.425617	2155.903926	0.001119
4657.771848	2146.949298	0.001161
4677.118079	2138.068749	0.001204
4696.464310	2129.261364	0.001249
4715.810540	2120.526241	0.001295
4735.156771	2111.862496	0.001343
4754.503002	2103.269258	0.001393
4773.849233	2094.745668	0.001444
4793.195464	2086.290884	0.001497
4812.541694	2077.904075	0.001551
4831.887925	2069.584426	0.001608
4851.234156	2061.331133	0.001666
4870.580387	2053.143405	0.001726
4889.926618	2045.020464	0.001789
4909.272849	2036.961544	0.001853
4928.619079	2028.965891	0.001919
4947.965310	2021.032763	0.001988
4967.311541	2013.161429	0.002058
4986.657772	2005.351171	0.002131
5006.004003	1997.601279	0.002207
5025.350233	1989.911058	0.002284
5044.696464	1982.279820	0.002365
5064.042695	1974.706890	0.002447
5083.388926	1967.191601	0.002533
5102.735157	1959.733298	0.002620
5122.081388	1952.331336	0.002711
5141.427618	1944.985079	0.002805
5160.773849	1937.693899	0.002901
5180.120080	1930.457180	0.003000
5199.466311	1923.274314	0.003103
5218.812542	1916.144702	0.003208
5238.158773	1909.067753	0.003317
5257.505003	1902.042888	0.003429
5276.851234	1895.069532	0.003545
5296.197465	1888.147122	0.003663
5315.543696	1881.275100	0.003786
5334.889927	1874.452920	0.003912
5354.236157	1867.680040	0.004042
5373.582388	1860.955928	0.004175
5392.928619	1854.280059	0.004313
5412.274850	1847.651917	0.004454
5431.621081	1841.070990	0.004600
5450.967312	1834.536776	0.004750
5470.313542	1828.048780	0.004904
5489.659773	1821.606514	0.005063
5509.006004	1815.209494	0.005226
5528.352235	1808.857246	0.005394
5547.698466	1802.549303	0.005566
5567.044696	1796.285201	0.005744
5586.390927	1790.064485	0.005926
5605.737158	1783.886707	0.006113
5625.083389	1777.751423	0.006306
5644.429620	1771.658196	0.006504
5663.775851	1765.606596	0.006707
5683.122081	1759.596197	0.006916
5702.468312	1753.626579	0.007131
5721.814543	1747.697330	0.007351
5741.160774	1741.808041	0.007578
5760.507005	1735.958309	0.007810
5779.853235	1730.147738	0.008049
5799.199466	1724.375935	0.008294
5818.545697	1718.642513	0.008545
5837.891928	1712.947092	0.008803
5857.238159	1707.289294	0.009068
5876.584390	1701.668748	0.009340
5895.930620	1696.085087	0.009618
5915.276851	1690.537950	0.009904
5934.623082	1685.026978	0.010197
5953.969313	1679.551821	0.010498
5973.315544	1674.112129	0.010806
5992.661775	1668.707559	0.011123
6012.008005	1663.337772	0.011446
6031.354236	1658.002433	0.011779
6050.700467	1652.701213	0.012119
6070.046698	1647.433784	0.012467
6089.392929	1642.199825	0.012825
6108.739159	1636.999017	0.013191
6128.085390	1631.831047	0.013565
6147.431621	1626.695605	0.013949
6166.777852	1621.592384	0.014342
6186.124083	1616.521083	0.014745
6205.470314	1611.481402	0.015157
6224.816544	1606.473047	0.015578
6244.162775	1601.495726	0.016010
6263.509006	1596.549153	0.016452
6282.855237	1591.633043	0.016903
6302.201468	1586.747115	0.017366
6321.547698	1581.891093	0.017839
6340.893929	1577.064703	0.018322
6360.240160	1572.267674	0.018817
6379.586391	1567.499739	0.019322
6398.932622	1562.760634	0.019839
6418.278853	1558.050099	0.020368
6437.625083	1553.367876	0.020908
6456.971314	1548.713710	0.021460
6476.317545	1544.087351	0.022023
6495.663776	1539.488549	0.022600
6515.010007	1534.917059	0.023188
6534.356237	1530.372639	0.023789
6553.702468	1525.855049	0.024403
6573.048699	1521.364052	0.025030
6592.394930	1516.899413	0.025670
6611.741161	1512.460902	0.026323
6631.087392	1508.048290	0.026990
6650.433622	1503.661350	0.027670
6669.779853	1499.299860	0.028365
6689.126084	1494.963598	0.029073
6708.472315	1490.652347	0.029796
6727.818546	1486.365890	0.030533
6747.164777	1482.104014	0.031285
6766.511007	1477.866509	0.032051
6785.857238	1473.653166	0.032833
6805.203469	1469.463778	0.033629
6824.549700	1465.298143	0.034441
6843.895931	1461.156058	0.035269
6863.242161	1457.037325	0.036112
6882.588392	1452.941747	0.036972
6901.934623	1448.869128	0.037847
6921.280854	1444.819277	0.038738
6940.627085	1440.792003	0.039646
6959.973316	1436.787118	0.040571
6979.319546	1432.804435	0.041512
6998.665777	1428.843771	0.042470
7018.012008	1424.904943	0.043446
7037.358239	1420.987771	0.044438
7056.704470	1417.092078	0.045448
7076.050700	1413.217686	0.046476
7095.396931	1409.364423	0.047521
7114.743162	1405.532114	0.048584
7134.089393	1401.720591	0.049666
7153.435624	1397.929684	0.050765
7172.781855	1394.159226	0.051883
7192.128085	1390.409053	0.053019
7211.474316	1386.679001	0.054174
7230.820547	1382.968909	0.055348
7250.166778	1379.278616	0.056540
7269.513009	1375.607965	0.057752
7288.859239	1371.956800	0.058983
7308.205470	1368.324966	0.060233
7327.551701	1364.712309	0.061502
7346.897932	1361.118678	0.062791
7366.244163	1357.543923	0.064100
7385.590394	1353.987896	0.065428
7404.936624	1350.450450	0.066776
7424.282855	1346.931440	0.068144
7443.629086	1343.430722	0.069532
7462.975317	1339.948154	0.070940
7482.321548	1336.483595	0.072368
7501.667779	1333.036905	0.073817
7521.014009	1329.607947	0.075285
7540.360240	1326.196585	0.076774
7559.706471	1322.802683	0.078284
7579.052702	1319.426107	0.079814
7598.398933	1316.066725	0.081364
7617.745163	1312.724407	0.082935
7637.091394	1309.399022	0.084527
7656.437625	1306.090442	0.086139
7675.783856	1302.798540	0.087772
7695.130087	1299.523190	0.089425
7714.476318	1296.264268	0.091099
7733.822548	1293.021651	0.092794
7753.168779	1289.795216	0.094509
7772.515010	1286.584843	0.096245
7791.861241	1283.390411	0.098001
7811.207472	1280.211803	0.099778
7830.553702	1277.048901	0.101575
7849.899933	1273.901589	0.103393
7869.246164	1270.769752	0.105231
7888.592395	1267.653277	0.107090
7907.938626	1264.552050	0.108968
7927.284857	1261.465960	0.110867
7946.631087	1258.394896	0.112786
7965.977318	1255.338749	0.114725
7985.323549	1252.297410	0.116684
8004.669780	1249.270773	0.118662
8024.016011	1246.258730	0.120660
8043.362241	1243.261176	0.122678
8062.708472	1240.278008	0.124714
8082.054703	1237.309121	0.126770
8101.400934	1234.354414	0.128846
8120.747165	1231.413785	0.130939
8140.093396	1228.487133	0.133052
8159.439626	1225.574360	0.135183
8178.785857	1222.675367	0.137332
8198.132088	1219.790056	0.139500
8217.478319	1216.918331	0.141685
8236.824550	1214.060096	0.143888
8256.170781	1211.215255	0.146108
8275.517011	1208.383716	0.148345
8294.863242	1205.565385	0.150599
8314.209473	1202.760170	0.152870
8333.555704	1199.967980	0.155157
8352.901935	1197.188723	0.157460
8372.248165	1194.422311	0.159779
8391.594396	1191.668654	0.162113
8410.940627	1188.927665	0.164462
8430.286858	1186.199256	0.166826
8449.633089	1183.483341	0.169205
8468.979320	1180.779835	0.171598
8488.325550	1178.088651	0.174004
8507.671781	1175.409708	0.176424
8527.018012	1172.742920	0.178856
8546.364243	1170.088205	0.181302
8565.710474	1167.445483	0.183759
8585.056704	1164.814671	0.186229
8604.402935	1162.195689	0.188709
8623.749166	1159.588458	0.191201
8643.095397	1156.992899	0.193703
8662.441628	1154.408933	0.196215
8681.787859	1151.836484	0.198737
8701.134089	1149.275473	0.201268
8720.480320	1146.725826	0.203808
8739.826551	1144.187467	0.206356
8759.172782	1141.660320	0.208912
8778.519013	1139.144312	0.211475
8797.865243	1136.639369	0.214045
8817.211474	1134.145419	0.216621
8836.557705	1131.662389	0.219202
8855.903936	1129.190207	0.221789
8875.250167	1126.728803	0.224380
8894.596398	1124.278107	0.226976
8913.942628	1121.838048	0.229574
8933.288859	1119.408558	0.232176
8952.635090	1116.989568	0.234781
8971.981321	1114.581010	0.237387
8991.327552	1112.182816	0.239994
9010.673783	1109.794921	0.242602
9030.020013	1107.417258	0.245210
9049.366244	1105.049760	0.247817
9068.712475	1102.692364	0.250423
9088.058706	1100.345005	0.253027
9107.404937	1098.007618	0.255629
9126.751167	1095.680140	0.258228
9146.097398	1093.362509	0.260823
9165.443629	1091.054662	0.263414
9184.789860	1088.756537	0.266000
9204.136091	1086.468073	0.268580
9223.482322	1084.189209	0.271154
9242.828552	1081.919885	0.273721
9262.174783	1079.660040	0.276280
9281.521014	1077.409617	0.278831
9300.867245	1075.168555	0.281374
9320.213476	1072.936798	0.283906
9339.559706	1070.714286	0.286429
9358.905937	1068.500962	0.288940
9378.252168	1066.296771	0.291440
9397.598399	1064.101654	0.293927
9416.944630	1061.915557	0.296402
9436.290861	1059.738423	0.298863
9455.637091	1057.570199	0.301309
9474.983322	1055.410829	0.303741
9494.329553	1053.260259	0.306156
9513.675784	1051.118435	0.308556
9533.022015	1048.985304	0.310938
9552.368245	1046.860814	0.313303
9571.714476	1044.744912	0.315649
9591.060707	1042.637546	0.317976
9610.406938	1040.538664	0.320283
9629.753169	1038.448216	0.322570
9649.099400	1036.366150	0.324836
9668.445630	1034.292417	0.327080
9687.791861	1032.226966	0.329301
9707.138092	1030.169748	0.331499
9726.484323	1028.120713	0.333674
9745.830554	1026.079814	0.335824
9765.176785	1024.047001	0.337949
9784.523015	1022.022227	0.340048
9803.869246	1020.005444	0.342121
9823.215477	1017.996604	0.344166
9842.561708	1015.995662	0.346184
9861.907939	1014.002571	0.348174
9881.254169	1012.017283	0.350135
9900.600400	1010.039755	0.352066
9919.946631	1008.069939	0.353967
9939.292862	1006.107792	0.355838
9958.639093	1004.153269	0.357677
9977.985324	1002.206325	0.359484
9997.331554	1000.266916	0.361259
10016.677785	998.334998	0.363001
10036.024016	996.410529	0.364709
10055.370247	994.493465	0.366384
10074.716478	992.583764	0.368023
10094.062708	990.681383	0.369627
10113.408939	988.786280	0.371196
10132.755170	986.898413	0.372728
10152.101401	985.017742	0.374224
10171.447632	983.144225	0.375682
10190.793863	981.277821	0.377103
10210.140093	979.418491	0.378486
10229.486324	977.566193	0.379830
10248.832555	975.720888	0.381135
10268.178786	973.882536	0.382401
10287.525017	972.051099	0.383627
10306.871247	970.226537	0.384812
10326.217478	968.408812	0.385957
10345.563709	966.597885	0.387061
10364.909940	964.793718	0.388124
10384.256171	962.996274	0.389145
10403.602402	961.205515	0.390124
10422.948632	959.421403	0.391060
10442.294863	957.643902	0.391954
10461.641094	955.872975	0.392805
10480.987325	954.108586	0.393613
10500.333556	952.350699	0.394378
10519.679787	950.599277	0.395098
10539.026017	948.854285	0.395775
10558.372248	947.115688	0.396408
10577.718479	945.383451	0.396996
10597.064710	943.657539	0.397540
10616.410941	941.937916	0.398039
10635.757171	940.224550	0.398493
10655.103402	938.517405	0.398902
10674.449633	936.816449	0.399266
10693.795864	935.121647	0.399586
10713.142095	933.432966	0.399859
10732.488326	931.750373	0.400088
10751.834556	930.073835	0.400271
10771.180787	928.403320	0.400409
10790.527018	926.738794	0.400501
10809.873249	925.080227	0.400548
10829.219480	923.427586	0.400550
10848.565710	921.780839	0.400506
10867.911941	920.139955	0.400417
10887.258172	918.504902	0.400283
10906.604403	916.875650	0.400103
10925.950634	915.252168	0.399879
10945.296865	913.634424	0.399610
10964.643095	912.022390	0.399295
10983.989326	910.416034	0.398937
11003.335557	908.815327	0.398533
11022.681788	907.220238	0.398086
11042.028019	905.630739	0.397594
11061.374249	904.046801	0.397059
11080.720480	902.468393	0.396480
11100.066711	900.895487	0.395858
11119.412942	899.328054	0.395192
11138.759173	897.766066	0.394484
11158.105404	896.209494	0.393733
11177.451634	894.658311	0.392940
11196.797865	893.112488	0.392106
11216.144096	891.571998	0.391229
11235.490327	890.036813	0.390312
11254.836558	888.506905	0.389354
11274.182789	886.982249	0.388355
11293.529019	885.462815	0.387317
11312.875250	883.948579	0.386239
11332.221481	882.439513	0.385122
11351.567712	880.935590	0.383966
11370.913943	879.436785	0.382772
11390.260173	877.943071	0.381541
11409.606404	876.454423	0.380272
11428.952635	874.970815	0.378967
11448.298866	873.492221	0.377625
11467.645097	872.018615	0.376248
11486.991328	870.549974	0.374836
11506.337558	869.086271	0.373389
11525.683789	867.627482	0.371909
11545.030020	866.173581	0.370395
11564.376251	864.724546	0.368848
11583.722482	863.280350	0.367269
11603.068712	861.840971	0.365659
11622.414943	860.406383	0.364018
11641.761174	858.976563	0.362347
11661.107405	857.551487	0.360646
11680.453636	856.131133	0.358916
11699.799867	854.715475	0.357158
11719.146097	853.304491	0.355372
11738.492328	851.898159	0.353560
11757.838559	850.496454	0.351722
11777.184790	849.099354	0.349858
11796.531021	847.706837	0.347969
11815.877252	846.318880	0.346057
11835.223482	844.935460	0.344121
11854.569713	843.556556	0.342163
11873.915944	842.182145	0.340183
11893.262175	840.812206	0.338182
11912.608406	839.446716	0.336161
11931.954636	838.085654	0.334121
11951.300867	836.728998	0.332062
11970.647098	835.376728	0.329985
11989.993329	834.028821	0.327891
12009.339560	832.685257	0.325781
12028.685791	831.346015	0.323656
12048.032021	830.011074	0.321516
12067.378252	828.680414	0.319362
12086.724483	827.354013	0.317195
12106.070714	826.031851	0.315016
12125.416945	824.713908	0.312826
12144.763175	823.400165	0.310625
12164.109406	822.090600	0.308414
12183.455637	820.785194	0.306195
12202.801868	819.483927	0.303968
12222.148099	818.186780	0.301733
12241.494330	816.893733	0.299493
12260.840560	815.604766	0.297246
12280.186791	814.319861	0.294996
12299.533022	813.038998	0.292741
12318.879253	811.762157	0.290483
12338.225484	810.489321	0.288224
12357.571714	809.220471	0.285963
12376.917945	807.955587	0.283702
12396.264176	806.694651	0.281441
12415.610407	805.437644	0.279182
12434.956638	804.184549	0.276924
12454.302869	802.935347	0.274670
12473.649099	801.690020	0.272420
12492.995330	800.448550	0.270174
12512.341561	799.210919	0.267934
12531.687792	797.977109	0.265700
12551.034023	796.747103	0.263473
12570.380254	795.520883	0.261254
12589.726484	794.298432	0.259044
12609.072715	793.079731	0.256844
12628.418946	791.864765	0.254654
12647.765177	790.653515	0.252476
12667.111408	789.445966	0.250310
12686.457638	788.242099	0.248156
12705.803869	787.041899	0.246017
12725.150100	785.845347	0.243891
12744.496331	784.652429	0.241781
12763.842562	783.463127	0.239688
12783.188793	782.277424	0.237611
12802.535023	781.095305	0.235552
12821.881254	779.916753	0.233511
12841.227485	778.741753	0.231489
12860.573716	777.570287	0.229488
12879.919947	776.402341	0.227507
12899.266177	775.237898	0.225547
12918.612408	774.076943	0.223610
12937.958639	772.919460	0.221696
12957.304870	771.765433	0.219805
12976.651101	770.614847	0.217939
12995.997332	769.467686	0.216098
13015.343562	768.323936	0.214283
13034.689793	767.183582	0.212494
13054.036024	766.046607	0.210733
13073.382255	764.912997	0.208999
13092.728486	763.782737	0.207294
13112.074716	762.655813	0.205618
13131.420947	761.532209	0.203972
13150.767178	760.411911	0.202356
13170.113409	759.294904	0.200772
13189.459640	758.181174	0.199220
13208.805871	757.070707	0.197700
13228.152101	755.963488	0.196213
13247.498332	754.859502	0.194759
13266.844563	753.758737	0.193340
13286.190794	752.661177	0.191956
13305.537025	751.566809	0.190607
13324.883256	750.475618	0.189294
13344.229486	749.387592	0.188018
13363.575717	748.302716	0.186778
13382.921948	747.220976	0.185577
13402.268179	746.142359	0.184413
13421.614410	745.066852	0.183288
13440.960640	743.994441	0.182203
13460.306871	742.925113	0.181157
13479.653102	741.858854	0.180151
13498.999333	740.795651	0.179186
13518.345564	739.735492	0.178262
13537.691795	738.678362	0.177379
13557.038025	737.624250	0.176539
13576.384256	736.573141	0.175741
13595.730487	735.525025	0.174986
13615.076718	734.479886	0.174274
13634.422949	733.437714	0.173606
13653.769179	732.398495	0.172982
13673.115410	731.362217	0.172402
13692.461641	730.328867	0.171867
13711.807872	729.298433	0.171378
13731.154103	728.270903	0.170934
13750.500334	727.246264	0.170535
13769.846564	726.224505	0.170183
13789.192795	725.205612	0.169878
13808.539026	724.189574	0.169619
13827.885257	723.176380	0.169408
13847.231488	722.166016	0.169243
13866.577718	721.158472	0.169127
13885.923949	720.153735	0.169058
13905.270180	719.151794	0.169037
13924.616411	718.152637	0.169065
13943.962642	717.156253	0.169141
13963.308873	716.162630	0.169266
13982.655103	715.171756	0.169440
14002.001334	714.183620	0.169663
14021.347565	713.198211	0.169936
14040.693796	712.215518	0.170258
14060.040027	711.235529	0.170629
14079.386258	710.258233	0.171050
14098.732488	709.283619	0.171521
14118.078719	708.311676	0.172042
14137.424950	707.342393	0.172613
14156.771181	706.375760	0.173234
14176.117412	705.411765	0.173905
14195.463642	704.450397	0.174626
14214.809873	703.491646	0.175398
14234.156104	702.535502	0.176219
14253.502335	701.581953	0.177091
14272.848566	700.630989	0.178014
14292.194797	699.682599	0.178986
14311.541027	698.736773	0.180009
14330.887258	697.793502	0.181082
14350.233489	696.852773	0.182204
14369.579720	695.914578	0.183377
14388.925951	694.978905	0.184600
14408.272181	694.045745	0.185873
14427.618412	693.115088	0.187195
14446.964643	692.186923	0.188567
14466.310874	691.261240	0.189989
14485.657105	690.338031	0.191459
14505.003336	689.417284	0.192979
14524.349566	688.498990	0.194547
14543.695797	687.583138	0.196165
14563.042028	686.669721	0.197831
14582.388259	685.758726	0.199545
14601.734490	684.850146	0.201307
14621.080720	683.943970	0.203117
14640.426951	683.040190	0.204974
14659.773182	682.138794	0.206878
14679.119413	681.239775	0.208830
14698.465644	680.343122	0.210827
14717.811875	679.448826	0.212872
14737.158105	678.556878	0.214962
14756.504336	677.667269	0.217097
14775.850567	676.779990	0.219278
14795.196798	675.895031	0.221503
14814.543029	675.012383	0.223773
14833.889260	674.132038	0.226086
14853.235490	673.253986	0.228443
14872.581721	672.378218	0.230843
14891.927952	671.504726	0.233285
14911.274183	670.633500	0.235770
14930.620414	669.764532	0.238296
14949.966644	668.897813	0.240863
14969.312875	668.033335	0.243471
14988.659106	667.171088	0.246118
15008.005337	666.311064	0.248805
15027.351568	665.453254	0.251531
15046.697799	664.597650	0.254295
15066.044029	663.744244	0.257097
15085.390260	662.893026	0.259936
15104.736491	662.043989	0.262811
15124.082722	661.197124	0.265722
15143.428953	660.352423	0.268667
15162.775183	659.509877	0.271648
15182.121414	658.669479	0.274662
15201.467645	657.831220	0.277709
15220.813876	656.995091	0.280788
15240.160107	656.161086	0.283899
15259.506338	655.329195	0.287040
15278.852568	654.499411	0.290212
15298.198799	653.671725	0.293413
15317.545030	652.846130	0.296643
15336.891261	652.022619	0.299900
15356.237492	651.201182	0.303184
15375.583722	650.381812	0.306494
15394.929953	649.564501	0.309829
15414.276184	648.749243	0.313189
15433.622415	647.936028	0.316572
15452.968646	647.124849	0.319977
15472.314877	646.315699	0.323405
15491.661107	645.508569	0.326853
15511.007338	644.703454	0.330321
15530.353569	643.900344	0.333808
15549.699800	643.099232	0.337313
15569.046031	642.300111	0.340836
15588.392262	641.502974	0.344374
15607.738492	640.707813	0.347928
15627.084723	639.914621	0.351495
15646.430954	639.123390	0.355076
15665.777185	638.334114	0.358669
15685.123416	637.546785	0.362274
15704.469646	636.761395	0.365888
15723.815877	635.977938	0.369512
15743.162108	635.196407	0.373144
15762.508339	634.416794	0.376783
15781.854570	633.639092	0.380428
15801.200801	632.863295	0.384077
15820.547031	632.089395	0.387731
15839.893262	631.317385	0.391388
15859.239493	630.547259	0.395046
15878.585724	629.779010	0.398705
15897.931955	629.012631	0.402364
15917.278185	628.248114	0.406021
15936.624416	627.485454	0.409675
15955.970647	626.724643	0.413326
15975.316878	625.965674	0.416972
15994.663109	625.208542	0.420611
16014.009340	624.453239	0.424244
16033.355570	623.699759	0.427869
16052.701801	622.948095	0.431484
16072.048032	622.198240	0.435089
16091.394263	621.450189	0.438682
16110.740494	620.703934	0.442263
16130.086724	619.959469	0.445829
16149.432955	619.216788	0.449381
16168.779186	618.475884	0.452917
16188.125417	617.736751	0.456435
16207.471648	616.999383	0.459935
16226.817879	616.263772	0.463416
16246.164109	615.529914	0.466876
16265.510340	614.797802	0.470314
16284.856571	614.067429	0.473729
16304.202802	613.338789	0.477120
16323.549033	612.611876	0.480487
16342.895264	611.886685	0.483827
16362.241494	611.163208	0.487140
16381.587725	610.441440	0.490424
16400.933956	609.721375	0.493679
16420.280187	609.003006	0.496903
16439.626418	608.286329	0.500095
16458.972648	607.571336	0.503255
16478.318879	606.858022	0.506381
16497.665110	606.146381	0.509472
16517.011341	605.436407	0.512527
16536.357572	604.728094	0.515545
16555.703803	604.021437	0.518526
16575.050033	603.316429	0.521467
16594.396264	602.613065	0.524368
16613.742495	601.911340	0.527228
16633.088726	601.211246	0.530045
16652.434957	600.512779	0.532820
16671.781187	599.815934	0.535551
16691.127418	599.120703	0.538237
16710.473649	598.427083	0.540877
16729.819880	597.735067	0.543470
16749.166111	597.044649	0.546016
16768.512342	596.355824	0.548513
16787.858572	595.668587	0.550960
16807.204803	594.982932	0.553357
16826.551034	594.298854	0.555702
16845.897265	593.616347	0.557996
16865.243496	592.935406	0.560237
16884.589726	592.256025	0.562424
16903.935957	591.578200	0.564556
16923.282188	590.901924	0.566633
16942.628419	590.227192	0.568654
16961.974650	589.554000	0.570619
16981.320881	588.882341	0.572526
17000.667111	588.212212	0.574374
17020.013342	587.543605	0.576164
17039.359573	586.876517	0.577895
17058.705804	586.210942	0.579565
17078.052035	585.546875	0.581175
17097.398266	584.884311	0.582723
17116.744496	584.223244	0.584209
17136.090727	583.563670	0.585633
17155.436958	582.905584	0.586994
17174.783189	582.248980	0.588291
17194.129420	581.593854	0.589524
17213.475650	580.940201	0.590693
17232.821881	580.288015	0.591797
17252.168112	579.637292	0.592836
17271.514343	578.988026	0.593809
17290.860574	578.340214	0.594716
17310.206805	577.693849	0.595556
17329.553035	577.048928	0.596330
17348.899266	576.405445	0.597037
17368.245497	575.763395	0.597676
17387.591728	575.122775	0.598248
17406.937959	574.483578	0.598752
17426.284189	573.845800	0.599188
17445.630420	573.209437	0.599556
17464.976651	572.574484	0.599855
17484.322882	571.940936	0.600086
17503.669113	571.308789	0.600249
17523.015344	570.678037	0.600342
17542.361574	570.048677	0.600367
17561.707805	569.420703	0.600323
17581.054036	568.794111	0.600211
17600.400267	568.168897	0.600030
17619.746498	567.545055	0.599780
17639.092728	566.922582	0.599461
17658.438959	566.301473	0.599074
17677.785190	565.681724	0.598618
17697.131421	565.063329	0.598094
17716.477652	564.446285	0.597502
17735.823883	563.830588	0.596842
17755.170113	563.216231	0.596114
17774.516344	562.603213	0.595319
17793.862575	561.991527	0.594457
17813.208806	561.381170	0.593527
17832.555037	560.772137	0.592531
17851.901268	560.164425	0.591468
17871.247498	559.558028	0.590340
17890.593729	558.952942	0.589146
17909.939960	558.349164	0.587887
17929.286191	557.746688	0.586562
17948.632422	557.145512	0.585174
17967.978652	556.545630	0.583722
17987.324883	555.947039	0.582206
18006.671114	555.349733	0.580627
18026.017345	554.753710	0.578986
18045.363576	554.158965	0.577283
18064.709807	553.565494	0.575519
18084.056037	552.973292	0.573694
18103.402268	552.382356	0.571809
18122.748499	551.792682	0.569865
18142.094730	551.204265	0.567861
18161.440961	550.617103	0.565800
18180.787191	550.031189	0.563681
18200.133422	549.446522	0.561506
18219.479653	548.863095	0.559274
18238.825884	548.280907	0.556987
18258.172115	547.699953	0.554645
18277.518346	547.120228	0.552250
18296.864576	546.541729	0.549801
18316.210807	545.964452	0.547300
18335.557038	545.388394	0.544748
18354.903269	544.813549	0.542145
18374.249500	544.239916	0.539492
18393.595730	543.667489	0.536791
18412.941961	543.096265	0.534041
18432.288192	542.526240	0.531244
18451.634423	541.957410	0.528401
18470.980654	541.389772	0.525513
18490.326885	540.823321	0.522580
18509.673115	540.258055	0.519603
18529.019346	539.693969	0.516584
18548.365577	539.131060	0.513523
18567.711808	538.569324	0.510421
18587.058039	538.008757	0.507279
18606.404270	537.449356	0.504099
18625.750500	536.891117	0.500881
18645.096731	536.334037	0.497626
18664.442962	535.778111	0.494334
18683.789193	535.223337	0.491009
18703.135424	534.669710	0.487649
18722.481654	534.117228	0.484256
18741.827885	533.565886	0.480831
18761.174116	533.015681	0.477376
18780.520347	532.466610	0.473890
18799.866578	531.918669	0.470376
18819.212809	531.371854	0.466834
18838.559039	530.826162	0.463265
18857.905270	530.281590	0.459671
18877.251501	529.738135	0.456051
18896.597732	529.195792	0.452408
18915.943963	528.654558	0.448743
18935.290193	528.114431	0.445055
18954.636424	527.575406	0.441347
18973.982655	527.037480	0.437619
18993.328886	526.500650	0.433873
19012.675117	525.964912	0.430109
19032.021348	525.430264	0.426329
19051.367578	524.896701	0.422533
19070.713809	524.364221	0.418722
19090.060040	523.832821	0.414898
19109.406271	523.302496	0.411062
19128.752502	522.773244	0.407214
19148.098732	522.245061	0.403355
19167.444963	521.717945	0.399487
19186.791194	521.191892	0.395610
19206.137425	520.666898	0.391726
19225.483656	520.142961	0.387835
19244.829887	519.620078	0.383939
19264.176117	519.098244	0.380038
19283.522348	518.577458	0.376133
19302.868579	518.057716	0.372225
19322.214810	517.539014	0.368315
19341.561041	517.021350	0.364405
19360.907272	516.504721	0.360494
19380.253502	515.989123	0.356584
19399.599733	515.474553	0.352676
19418.945964	514.961009	0.348770
19438.292195	514.448487	0.344868
19457.638426	513.936984	0.340971
19476.984656	513.426497	0.337078
19496.330887	512.917023	0.333192
19515.677118	512.408560	0.329312
19535.023349	511.901103	0.325440
19554.369580	511.394651	0.321577
19573.715811	510.889199	0.317723
19593.062041	510.384746	0.313879
19612.408272	509.881288	0.310046
19631.754503	509.378823	0.306224
19651.100734	508.877347	0.302414
19670.446965	508.376857	0.298618
19689.793195	507.877350	0.294835
19709.139426	507.378825	0.291067
19728.485657	506.881277	0.287314
19747.831888	506.384704	0.283577
19767.178119	505.889103	0.279856
19786.524350	505.394471	0.276152
19805.870580	504.900805	0.272466
19825.216811	504.408103	0.268798
19844.563042	503.916361	0.265150
19863.909273	503.425578	0.261520
19883.255504	502.935749	0.257911
19902.601734	502.446873	0.254323
19921.947965	501.958946	0.250756
19941.294196	501.471966	0.247210
19960.640427	500.985930	0.243687
19979.986658	500.500835	0.240186
19999.332889	500.016678	0.236709
20018.679119	499.533458	0.233256
20038.025350	499.051170	0.229826
20057.371581	498.569813	0.226421
20076.717812	498.089384	0.223042
20096.064043	497.609879	0.219687
20115.410274	497.131297	0.216359
20134.756504	496.653635	0.213056
20154.102735	496.176889	0.209781
20173.448966	495.701058	0.206532
20192.795197	495.226139	0.203311
20212.141428	494.752129	0.200117
20231.487658	494.279025	0.196951
20250.833889	493.806826	0.193813
20270.180120	493.335527	0.190704
20289.526351	492.865128	0.187624
20308.872582	492.395625	0.184572
20328.218813	491.927015	0.181550
20347.565043	491.459296	0.178558
20366.911274	490.992466	0.175595
20386.257505	490.526522	0.172662
20405.603736	490.061462	0.169760
20424.949967	489.597283	0.166887
20444.296197	489.133982	0.164045
20463.642428	488.671557	0.161234
20482.988659	488.210005	0.158453
20502.334890	487.749325	0.155704
20521.681121	487.289513	0.152985
20541.027352	486.830567	0.150298
20560.373582	486.372485	0.147642
20579.719813	485.915265	0.145017
20599.066044	485.458903	0.142423
20618.412275	485.003397	0.139861
20637.758506	484.548746	0.137331
20657.104736	484.094946	0.134832
20676.450967	483.641995	0.132364
20695.797198	483.189891	0.129928
20715.143429	482.738632	0.127524
20734.489660	482.288215	0.125151
20753.835891	481.838637	0.122810
20773.182121	481.389897	0.120501
20792.528352	480.941992	0.118223
20811.874583	480.494919	0.115977
20831.220814	480.048677	0.113762
20850.567045	479.603263	0.111578
20869.913276	479.158675	0.109426
20889.259506	478.714911	0.107305
20908.605737	478.271967	0.105216
20927.951968	477.829843	0.103157
20947.298199	477.388535	0.101130
20966.644430	476.948042	0.099134
20985.990660	476.508360	0.097168
21005.336891	476.069489	0.095234
21024.683122	475.631425	0.093329
21044.029353	475.194167	0.091456
21063.375584	474.757712	0.089613
21082.721815	474.322058	0.087800
21102.068045	473.887203	0.086017
21121.414276	473.453144	0.084264
21140.760507	473.019880	0.082542
21160.106738	472.587408	0.080848
21179.452969	472.155726	0.079185
21198.799199	471.724832	0.077551
21218.145430	471.294724	0.075946
21237.491661	470.865400	0.074370
21256.837892	470.436857	0.072823
21276.184123	470.009093	0.071305
21295.530354	469.582106	0.069815
21314.876584	469.155895	0.068354
21334.222815	468.730457	0.066921
21353.569046	468.305789	0.065516
21372.915277	467.881890	0.064139
21392.261508	467.458758	0.062790
21411.607738	467.036391	0.061469
21430.953969	466.614786	0.060174
21450.300200	466.193942	0.058907
21469.646431	465.773856	0.057667
21488.992662	465.354526	0.056453
21508.338893	464.935951	0.055267
21527.685123	464.518128	0.054106
21547.031354	464.101056	0.052972
21566.377585	463.684732	0.051864
21585.723816	463.269154	0.050782
21605.070047	462.854320	0.049726
21624.416278	462.440228	0.048695
21643.762508	462.026877	0.047689
21663.108739	461.614264	0.046709
21682.454970	461.202388	0.045754
21701.801201	460.791245	0.044823
21721.147432	460.380835	0.043918
21740.493662	459.971156	0.043036
21759.839893	459.562205	0.042180
21779.186124	459.153980	0.041347
21798.532355	458.746481	0.040538
21817.878586	458.339703	0.039753
21837.224817	457.933647	0.038992
21856.571047	457.528309	0.038255
21875.917278	457.123689	0.037541
21895.263509	456.719783	0.036850
21914.609740	456.316591	0.036183
21933.955971	455.914109	0.035538
21953.302201	455.512337	0.034917
21972.648432	455.111273	0.034318
21991.994663	454.710914	0.033742
22011.340894	454.311259	0.033188
22030.687125	453.912306	0.032657
22050.033356	453.514053	0.032148
22069.379586	453.116498	0.031662
22088.725817	452.719640	0.031197
22108.072048	452.323476	0.030755
22127.418279	451.928005	0.030335
22146.764510	451.533225	0.029936
22166.110740	451.139134	0.029559
22185.456971	450.745730	0.029205
22204.803202	450.353012	0.028871
22224.149433	449.960977	0.028560
22243.495664	449.569625	0.028270
22262.841895	449.178952	0.028001
22282.188125	448.788958	0.027755
22301.534356	448.399641	0.027529
22320.880587	448.010999	0.027325
22340.226818	447.623029	0.027143
22359.573049	447.235731	0.026982
22378.919280	446.849103	0.026842
22398.265510	446.463142	0.026724
22417.611741	446.077848	0.026628
22436.957972	445.693218	0.026552
22456.304203	445.309251	0.026499
22475.650434	444.925945	0.026467
22494.996664	444.543298	0.026456
22514.342895	444.161308	0.026467
22533.689126	443.779975	0.026500
22553.035357	443.399296	0.026554
22572.381588	443.019269	0.026631
22591.727819	442.639894	0.026729
22611.074049	442.261167	0.026849
22630.420280	441.883088	0.026991
22649.766511	441.505655	0.027155
22669.112742	441.128866	0.027342
22688.458973	440.752720	0.027550
22707.805203	440.377214	0.027782
22727.151434	440.002348	0.028036
22746.497665	439.628120	0.028312
22765.843896	439.254527	0.028612
22785.190127	438.881569	0.028934
22804.536358	438.509244	0.029280
22823.882588	438.137550	0.029649
22843.228819	437.766486	0.030041
22862.575050	437.396049	0.030457
22881.921281	437.026239	0.030897
22901.267512	436.657054	0.031361
22920.613742	436.288492	0.031849
22939.959973	435.920551	0.032362
22959.306204	435.553231	0.032899
22978.652435	435.186529	0.033461
22997.998666	434.820444	0.034048
23017.344897	434.454975	0.034661
23036.691127	434.090119	0.035299
23056.037358	433.725876	0.035962
23075.383589	433.362243	0.036652
23094.729820	432.999220	0.037368
23114.076051	432.636804	0.038111
23133.422282	432.274995	0.038880
23152.768512	431.913790	0.039677
23172.114743	431.553188	0.040501
23191.460974	431.193188	0.041352
23210.807205	430.833788	0.042231
23230.153436	430.474987	0.043139
23249.499666	430.116783	0.044075
23268.845897	429.759174	0.045040
23288.192128	429.402160	0.046034
23307.538359	429.045738	0.047058
23326.884590	428.689908	0.048111
23346.230821	428.334667	0.049195
23365.577051	427.980014	0.050308
23384.923282	427.625949	0.051453
23404.269513	427.272468	0.052629
23423.615744	426.919572	0.053836
23442.961975	426.567258	0.055075
23462.308205	426.215525	0.056346
23481.654436	425.864371	0.057649
23501.000667	425.513796	0.058986
23520.346898	425.163797	0.060355
23539.693129	424.814374	0.061758
23559.039360	424.465525	0.063195
23578.385590	424.117248	0.064667
23597.731821	423.769542	0.066173
23617.078052	423.422406	0.067714
23636.424283	423.075838	0.069290
23655.770514	422.729836	0.070902
23675.116744	422.384401	0.072550
23694.462975	422.039529	0.074235
23713.809206	421.695220	0.075957
23733.155437	421.351473	0.077716
23752.501668	421.008285	0.079512
23771.847899	420.665656	0.081347
23791.194129	420.323585	0.083219
23810.540360	419.982069	0.085131
23829.886591	419.641107	0.087082
23849.232822	419.300699	0.089072
23868.579053	418.960843	0.091102
23887.925284	418.621537	0.093172
23907.271514	418.282780	0.095283
23926.617745	417.944571	0.097435
23945.963976	417.606909	0.099628
23965.310207	417.269792	0.101863
23984.656438	416.933218	0.104139
24004.002668	416.597187	0.106458
24023.348899	416.261698	0.108820
24042.695130	415.926748	0.111225
24062.041361	415.592337	0.113673
24081.387592	415.258463	0.116165
24100.733823	414.925125	0.118701
24120.080053	414.592322	0.121281
24139.426284	414.260053	0.123906
24158.772515	413.928315	0.126576
24178.118746	413.597108	0.129291
24197.464977	413.266431	0.132051
24216.811207	412.936283	0.134858
24236.157438	412.606661	0.137710
24255.503669	412.277565	0.140609
24274.849900	411.948994	0.143555
24294.196131	411.620946	0.146547
24313.542362	411.293420	0.149587
24332.888592	410.966415	0.152673
24352.234823	410.639930	0.155808
24371.581054	410.313963	0.158990
24390.927285	409.988513	0.162220
24410.273516	409.663578	0.165498
24429.619746	409.339159	0.168825
24448.965977	409.015253	0.172200
24468.312208	408.691859	0.175624
24487.658439	408.368976	0.179096
24507.004670	408.046603	0.182618
24526.350901	407.724738	0.186188
24545.697131	407.403381	0.189807
24565.043362	407.082530	0.193476
24584.389593	406.762184	0.197194
24603.735824	406.442342	0.200961
24623.082055	406.123002	0.204778
24642.428286	405.804164	0.208644
24661.774516	405.485826	0.212559
24681.120747	405.167987	0.216524
24700.466978	404.850645	0.220538
24719.813209	404.533801	0.224602
24739.159440	404.217452	0.228715
24758.505670	403.901598	0.232876
24777.851901	403.586237	0.237087
24797.198132	403.271367	0.241347
24816.544363	402.956989	0.245656
24835.890594	402.643101	0.250014
24855.236825	402.329701	0.254420
24874.583055	402.016789	0.258874
24893.929286	401.704363	0.263377
24913.275517	401.392422	0.267927
24932.621748	401.080965	0.272525
24951.967979	400.769992	0.277170
24971.314209	400.459500	0.281863
24990.660440	400.149489	0.286602
25010.006671	399.839957	0.291388
25029.352902	399.530904	0.296220
25048.699133	399.222329	0.301097
25068.045364	398.914229	0.306020
25087.391594	398.606605	0.310988
25106.737825	398.299455	0.316001
25126.084056	397.992778	0.321057
25145.430287	397.686573	0.326157
25164.776518	397.380839	0.331300
25184.122748	397.075574	0.336486
25203.468979	396.770778	0.341713
25222.815210	396.466450	0.346982
25242.161441	396.162588	0.352292
25261.507672	395.859191	0.357642
25280.853903	395.556259	0.363031
25300.200133	395.253790	0.368459
25319.546364	394.951784	0.373926
25338.892595	394.650238	0.379430
25358.238826	394.349153	0.384971
25377.585057	394.048527	0.390547
25396.931288	393.748358	0.396159
25416.277518	393.448647	0.401805
25435.623749	393.149392	0.407485
25454.969980	392.850591	0.413198
25474.316211	392.552244	0.418942
25493.662442	392.254350	0.424717
25513.008672	391.956908	0.430522
25532.354903	391.659917	0.436357
25551.701134	391.363375	0.442219
25571.047365	391.067282	0.448109
25590.393596	390.771637	0.454024
25609.739827	390.476439	0.459965
25629.086057	390.181686	0.465930
25648.432288	389.887377	0.471917
25667.778519	389.593513	0.477927
25687.124750	389.300091	0.483957
25706.470981	389.007111	0.490007
25725.817211	388.714571	0.496075
25745.163442	388.422471	0.502160
25764.509673	388.130810	0.508261
25783.855904	387.839586	0.514377
25803.202135	387.548799	0.520507
25822.548366	387.258448	0.526649
25841.894596	386.968531	0.532802
25861.240827	386.679049	0.538964
25880.587058	386.389999	0.545135
25899.933289	386.101381	0.551313
25919.279520	385.813193	0.557497
25938.625751	385.525436	0.563684
25957.971981	385.238107	0.569875
25977.318212	384.951207	0.576067
25996.664443	384.664734	0.582260
26016.010674	384.378686	0.588450
26035.356905	384.093064	0.594638
26054.703135	383.807866	0.600822
26074.049366	383.523091	0.607000
26093.395597	383.238738	0.613171
26112.741828	382.954807	0.619333
26132.088059	382.671296	0.625484
26151.434290	382.388204	0.631624
26170.780520	382.105531	0.637750
26190.126751	381.823276	0.643862
26209.472982	381.541438	0.649957
26228.819213	381.260015	0.656034
26248.165444	380.979007	0.662091
26267.511674	380.698413	0.668127
26286.857905	380.418232	0.674140
26306.204136	380.138463	0.680128
26325.550367	379.859105	0.686091
26344.896598	379.580158	0.692026
26364.242829	379.301619	0.697932
26383.589059	379.023490	0.703807
26402.935290	378.745768	0.709649
26422.281521	378.468453	0.715457
26441.627752	378.191543	0.721229
26460.973983	377.915038	0.726964
26480.320213	377.638938	0.732660
26499.666444	377.363240	0.738316
26519.012675	377.087945	0.743929
26538.358906	376.813051	0.749498
26557.705137	376.538558	0.755021
26577.051368	376.264464	0.760498
26596.397598	375.990770	0.765926
26615.743829	375.717472	0.771303
26635.090060	375.444572	0.776628
26654.436291	375.172069	0.781900
26673.782522	374.899960	0.787117
26693.128753	374.628246	0.792277
26712.474983	374.356925	0.797378
26731.821214	374.085997	0.802420
26751.167445	373.815461	0.807401
26770.513676	373.545316	0.812318
26789.859907	373.275562	0.817171
26809.206137	373.006196	0.821959
26828.552368	372.737219	0.826678
26847.898599	372.468630	0.831329
26867.244830	372.200427	0.835909
26886.591061	371.932610	0.840418
26905.937292	371.665179	0.844853
26925.283522	371.398132	0.849214
26944.629753	371.131468	0.853498
26963.975984	370.865187	0.857705
26983.322215	370.599288	0.861833
27002.668446	370.333770	0.865881
27022.014676	370.068632	0.869848
27041.360907	369.803873	0.873731
27060.707138	369.539493	0.877531
27080.053369	369.275491	0.881245
27099.399600	369.011865	0.884873
27118.745831	368.748616	0.888414
27138.092061	368.485742	0.891865
27157.438292	368.223243	0.895226
27176.784523	367.961117	0.898496
27196.130754	367.699365	0.901674
27215.476985	367.437984	0.904759
27234.823215	367.176975	0.907750
27254.169446	366.916336	0.910645
27273.515677	366.656067	0.913443
27292.861908	366.396167	0.916145
27312.208139	366.136636	0.918748
27331.554370	365.877471	0.921253
27350.900600	365.618674	0.923657
27370.246831	365.360242	0.925961
27389.593062	365.102175	0.928164
27408.939293	364.844473	0.930264
27428.285524	364.587134	0.932261
27447.631755	364.330157	0.934154
27466.977985	364.073543	0.935944
27486.324216	363.817290	0.937628
27505.670447	363.561398	0.939207
27525.016678	363.305865	0.940680
27544.362909	363.050691	0.942046
27563.709139	362.795876	0.943306
27583.055370	362.541418	0.944458
27602.401601	362.287316	0.945502
27621.747832	362.033571	0.946438
27641.094063	361.780181	0.947265
27660.440294	361.527145	0.947984
27679.786524	361.274463	0.948593
27699.132755	361.022133	0.949094
27718.478986	360.770156	0.949485
27737.825217	360.518531	0.949766
27757.171448	360.267256	0.949938
27776.517678	360.016332	0.950000
27795.863909	359.765756	0.949952
27815.210140	359.515529	0.949795
27834.556371	359.265650	0.949528
27853.902602	359.016119	0.949151
27873.248833	358.766933	0.948665
27892.595063	358.518093	0.948069
27911.941294	358.269598	0.947365
27931.287525	358.021448	0.946552
27950.633756	357.773641	0.945630
27969.979987	357.526176	0.944600
27989.326217	357.279054	0.943462
28008.672448	357.032273	0.942216
28028.018679	356.785833	0.940864
28047.364910	356.539733	0.939405
28066.711141	356.293972	0.937840
28086.057372	356.048550	0.936169
28105.403602	355.803465	0.934393
28124.749833	355.558718	0.932513
28144.096064	355.314307	0.930530
28163.442295	355.070232	0.928443
28182.788526	354.826492	0.926254
28202.134757	354.583087	0.923963
28221.480987	354.340015	0.921572
28240.827218	354.097276	0.919080
28260.173449	353.854870	0.916490
28279.519680	353.612795	0.913801
28298.865911	353.371051	0.911014
28318.212141	353.129638	0.908132
28337.558372	352.888554	0.905154
28356.904603	352.647799	0.902081
28376.250834	352.407373	0.898915
28395.597065	352.167274	0.895657
28414.943296	351.927502	0.892307
28434.289526	351.688056	0.888868
28453.635757	351.448936	0.885339
28472.981988	351.210140	0.881722
28492.328219	350.971669	0.878019
28511.674450	350.733522	0.874230
28531.020680	350.495698	0.870358
28550.366911	350.258196	0.866402
28569.713142	350.021015	0.862364
28589.059373	349.784156	0.858246
28608.405604	349.547617	0.854050
28627.751835	349.311397	0.849775
28647.098065	349.075497	0.845425
28666.444296	348.839915	0.840999
28685.790527	348.604651	0.836500
28705.136758	348.369704	0.831929
28724.482989	348.135074	0.827287
28743.829219	347.900759	0.822576
28763.175450	347.666759	0.817798
28782.521681	347.433075	0.812953
28801.867912	347.199704	0.808044
28821.214143	346.966646	0.803071
28840.560374	346.733901	0.798037
28859.906604	346.501468	0.792943
28879.252835	346.269346	0.787791
28898.599066	346.037535	0.782581
28917.945297	345.806035	0.777316
28937.291528	345.574844	0.771998
28956.637759	345.343962	0.766627
28975.983989	345.113388	0.761206
28995.330220	344.883122	0.755735
29014.676451	344.653163	0.750218
29034.022682	344.423510	0.744654
29053.368913	344.194163	0.739047
29072.715143	343.965122	0.733397
29092.061374	343.736385	0.727706
29111.407605	343.507952	0.721976
29130.753836	343.279822	0.716208
29150.100067	343.051996	0.710404
29169.446298	342.824471	0.704566
29188.792528	342.597248	0.698695
29208.138759	342.370326	0.692793
29227.484990	342.143705	0.686862
29246.831221	341.917383	0.680902
29266.177452	341.691361	0.674917
29285.523682	341.465637	0.668907
29304.869913	341.240211	0.662873
29324.216144	341.015083	0.656818
29343.562375	340.790251	0.650744
29362.908606	340.565716	0.644651
29382.254837	340.341477	0.638541
29401.601067	340.117532	0.632416
29420.947298	339.893882	0.626278
29440.293529	339.670526	0.620128
29459.639760	339.447464	0.613967
29478.985991	339.224694	0.607797
29498.332221	339.002216	0.601619
29517.678452	338.780030	0.595436
29537.024683	338.558135	0.589247
29556.370914	338.336531	0.583056
29575.717145	338.115216	0.576864
29595.063376	337.894191	0.570671
29614.409606	337.673455	0.564479
29633.755837	337.453006	0.558291
29653.102068	337.232846	0.552106
29672.448299	337.012972	0.545926
29691.794530	336.793385	0.539754
29711.140761	336.574084	0.533589
29730.486991	336.355069	0.527435
29749.833222	336.136338	0.521290
29769.179453	335.917892	0.515158
29788.525684	335.699729	0.509040
29807.871915	335.481850	0.502935
29827.218145	335.264253	0.496847
29846.564376	335.046938	0.490776
29865.910607	334.829905	0.484722
29885.256838	334.613152	0.478689
29904.603069	334.396681	0.472675
29923.949300	334.180489	0.466684
29943.295530	333.964576	0.460715
29962.641761	333.748942	0.454769
29981.987992	333.533587	0.448849
30001.334223	333.318509	0.442955
30020.680454	333.103709	0.437087
30040.026684	332.889185	0.431248
30059.372915	332.674937	0.425437
30078.719146	332.460965	0.419656
30098.065377	332.247268	0.413906
30117.411608	332.033846	0.408187
30136.757839	331.820697	0.402501
30156.104069	331.607822	0.396849
30175.450300	331.395220	0.391230
30194.796531	331.182891	0.385647
30214.142762	330.970833	0.380099
30233.488993	330.759047	0.374588
30252.835223	330.547531	0.369114
30272.181454	330.336286	0.363678
30291.527685	330.125311	0.358281
30310.873916	329.914605	0.352923
30330.220147	329.704168	0.347605
30349.566378	329.493999	0.342328
30368.912608	329.284098	0.337091
30388.258839	329.074464	0.331897
30407.605070	328.865097	0.326745
30426.951301	328.655996	0.321635
30446.297532	328.447161	0.316569
30465.643763	328.238592	0.311547
30484.989993	328.030286	0.306569
30504.336224	327.822246	0.301636
30523.682455	327.614468	0.296748
30543.028686	327.406954	0.291905
30562.374917	327.199703	0.287108
30581.721147	326.992714	0.282358
30601.067378	326.785987	0.277654
30620.413609	326.579521	0.272997
30639.759840	326.373315	0.268386
30659.106071	326.167370	0.263824
30678.452302	325.961685	0.259309
30697.798532	325.756259	0.254841
30717.144763	325.551091	0.250422
30736.490994	325.346182	0.246051
30755.837225	325.141531	0.241728
30775.183456	324.937137	0.237454
30794.529686	324.733000	0.233229
30813.875917	324.529119	0.229052
30833.222148	324.325494	0.224924
30852.568379	324.122124	0.220845
30871.914610	323.919009	0.216814
30891.260841	323.716149	0.212833
30910.607071	323.513543	0.208901
30929.953302	323.311190	0.205018
30949.299533	323.109090	0.201183
30968.645764	322.907242	0.197398
30987.991995	322.705647	0.193661
31007.338225	322.504303	0.189974
31026.684456	322.303210	0.186334
31046.030687	322.102368	0.182744
31065.376918	321.901776	0.179202
31084.723149	321.701434	0.175708
31104.069380	321.501340	0.172263
31123.415610	321.301496	0.168865
31142.761841	321.101900	0.165516
31162.108072	320.902552	0.162214
31181.454303	320.703451	0.158960
31200.800534	320.504597	0.155753
31220.146765	320.305989	0.152593
31239.492995	320.107628	0.149480
31258.839226	319.909512	0.146413
31278.185457	319.711641	0.143393
31297.531688	319.514015	0.140419
31316.877919	319.316633	0.137491
31336.224149	319.119494	0.134608
31355.570380	318.922599	0.131770
31374.916611	318.725947	0.128978
31394.262842	318.529537	0.126230
31413.609073	318.333369	0.123526
31432.955304	318.137442	0.120866
31452.301534	317.941757	0.118250
31471.647765	317.746312	0.115677
31490.993996	317.551107	0.113147
31510.340227	317.356142	0.110660
31529.686458	317.161416	0.108214
31549.032688	316.966929	0.105811
31568.378919	316.772680	0.103449
31587.725150	316.578669	0.101128
31607.071381	316.384896	0.098847
31626.417612	316.191360	0.096607
31645.763843	315.998061	0.094407
31665.110073	315.804997	0.092246
31684.456304	315.612170	0.090125
31703.802535	315.419577	0.088042
31723.148766	315.227220	0.085997
31742.494997	315.035097	0.083990
31761.841227	314.843209	0.082020
31781.187458	314.651553	0.080087
31800.533689	314.460131	0.078191
31819.879920	314.268942	0.076331
31839.226151	314.077985	0.074506
31858.572382	313.887260	0.072717
31877.918612	313.696767	0.070962
31897.264843	313.506504	0.069242
31916.611074	313.316473	0.067556
31935.957305	313.126671	0.065903
31955.303536	312.937099	0.064283
31974.649767	312.747757	0.062696
31993.995997	312.558644	0.061141
32013.342228	312.369759	0.059617
32032.688459	312.181103	0.058125
32052.034690	311.992674	0.056663
32071.380921	311.804472	0.055232
32090.727151	311.616498	0.053831
32110.073382	311.428750	0.052460
32129.419613	311.241228	0.051117
32148.765844	311.053931	0.049803
32168.112075	310.866860	0.048517
32187.458306	310.680014	0.047259
32206.804536	310.493392	0.046028
32226.150767	310.306995	0.044824
32245.496998	310.120821	0.043647
32264.843229	309.934870	0.042496
32284.189460	309.749142	0.041370
32303.535690	309.563637	0.040269
32322.881921	309.378354	0.039193
32342.228152	309.193292	0.038142
32361.574383	309.008452	0.037114
32380.920614	308.823832	0.036110
32400.266845	308.639433	0.035129
32419.613075	308.455254	0.034171
32438.959306	308.271295	0.033235
32458.305537	308.087555	0.032320
32477.651768	307.904034	0.031428
32496.997999	307.720732	0.030556
32516.344229	307.537647	0.029706
32535.690460	307.354781	0.028875
32555.036691	307.172131	0.028065
32574.382922	306.989699	0.027274
32593.729153	306.807483	0.026502
32613.075384	306.625483	0.025750
32632.421614	306.443699	0.025015
32651.767845	306.262131	0.024299
32671.114076	306.080778	0.023601
32690.460307	305.899639	0.022920
32709.806538	305.718714	0.022256
32729.152769	305.538004	0.021609
32748.498999	305.357507	0.020978
32767.845230	305.177223	0.020364
32787.191461	304.997151	0.019765
32806.537692	304.817293	0.019181
32825.883923	304.637646	0.018613
32845.230153	304.458211	0.018059
32864.576384	304.278987	0.017520
32883.922615	304.099974	0.016995
32903.268846	303.921171	0.016483
32922.615077	303.742579	0.015986
32941.961308	303.564196	0.015501
32961.307538	303.386023	0.015029
32980.653769	303.208059	0.014571
33000.000000	303.030303	0.014124
